T,Flux,E
5376.64493,14.440,0.003
5376.68583,14.435,0.003
5376.72477,14.437,0.003
5376.76315,14.442,0.003
5376.80129,14.439,0.003
5376.83930,14.440,0.003
5376.87719,14.439,0.003
5377.53404,14.441,0.003
5377.61682,14.431,0.003
5377.68487,14.438,0.003
5377.73378,14.438,0.003
5377.77681,14.439,0.003
5377.81454,14.441,0.003
5377.85273,14.439,0.003
5378.52156,14.434,0.003
5378.60539,14.438,0.003
5378.69390,14.437,0.003
5378.74842,14.436,0.003
5378.78659,14.435,0.003
5378.82481,14.440,0.003
5378.86471,14.441,0.003
5379.50356,14.438,0.003
5379.55726,14.443,0.003
5379.64247,14.440,0.003
5379.72888,14.441,0.003
5379.76948,14.438,0.003
5379.80736,14.441,0.003
5379.84544,14.440,0.003
5380.51498,14.442,0.003
5380.62391,14.437,0.003
5380.71056,14.432,0.003
5380.74893,14.439,0.003
5380.78692,14.442,0.003
5380.82488,14.443,0.003
5381.52421,14.429,0.003
5381.56230,14.431,0.003
5381.60007,14.437,0.003
5381.65920,14.441,0.003
5381.70001,14.434,0.003
5381.73801,14.434,0.003
5381.78475,14.435,0.003
5381.82309,14.434,0.003
5381.86111,14.436,0.003
5382.55098,14.437,0.003
5382.60062,14.436,0.003
5382.63821,14.439,0.003
5382.67999,14.434,0.003
5382.71990,14.440,0.003
5382.75781,14.439,0.003
5382.80795,14.441,0.003
5383.69200,14.433,0.003
5383.75019,14.436,0.003
5384.78750,14.438,0.003
5384.84452,14.440,0.003
5385.49731,14.434,0.003
5385.71239,14.436,0.003
5385.83558,14.436,0.003
5386.51440,14.434,0.003
5386.52552,14.434,0.003
5386.59647,14.436,0.003
5386.68088,14.435,0.003
5386.73076,14.437,0.003
5386.76911,14.435,0.003
5386.80833,14.436,0.003
5387.46961,14.440,0.003
5387.57501,14.437,0.003
5387.71312,14.434,0.003
5387.75145,14.434,0.003
5387.79520,14.436,0.003
5387.83528,14.438,0.003
5388.49292,14.435,0.003
5388.53096,14.436,0.003
5388.64000,14.439,0.003
5388.75013,14.434,0.003
5388.78988,14.435,0.003
5388.83399,14.440,0.003
5389.48243,14.431,0.003
5389.52052,14.435,0.003
5389.58429,14.437,0.003
5389.68945,14.440,0.003
5389.77145,14.439,0.003
5389.81063,14.441,0.003
5389.85035,14.439,0.003
5390.55375,14.435,0.003
5390.59956,14.438,0.003
5390.68509,14.439,0.003
5390.73523,14.433,0.003
5390.77308,14.439,0.003
5390.81081,14.440,0.003
5391.50491,14.433,0.003
5391.54479,14.439,0.003
5391.58220,14.437,0.003
5391.69147,14.439,0.003
5391.79669,14.438,0.003
5391.83440,14.438,0.003
5392.48203,14.437,0.003
5392.51992,14.440,0.003
5392.55991,14.433,0.003
5392.66632,14.438,0.003
5392.77427,14.438,0.003
5392.81195,14.438,0.003
5393.62734,14.432,0.003
5393.66681,14.433,0.003
5393.70513,14.434,0.003
5393.75045,14.427,0.003
5393.78863,14.429,0.003
5393.82639,14.437,0.003
5395.83045,14.423,0.003
5396.57239,14.442,0.003
5396.62616,14.434,0.003
5396.72227,14.438,0.003
5396.75706,14.436,0.003
5396.79508,14.438,0.003
5397.60431,14.437,0.003
5397.65036,14.440,0.003
5397.68820,14.431,0.003
5403.47008,14.454,0.003
5403.50754,14.439,0.003
5403.54478,14.441,0.003
5403.58269,14.440,0.003
5403.62397,14.434,0.003
5403.66258,14.436,0.003
5403.70036,14.438,0.003
5403.74119,14.433,0.003
5403.77914,14.441,0.003
5404.48290,14.434,0.003
5404.52077,14.436,0.003
5404.55857,14.431,0.003
5404.59695,14.435,0.003
5404.63958,14.433,0.003
5404.67914,14.433,0.003
5404.71802,14.436,0.003
5404.75751,14.434,0.003
5405.61669,14.437,0.003
5405.65595,14.440,0.003
5405.69588,14.436,0.003
5405.73364,14.433,0.003
5405.77115,14.431,0.003
5407.47062,14.426,0.003
5407.51041,14.435,0.003
5407.54849,14.432,0.003
5407.58706,14.436,0.003
5407.62748,14.438,0.003
5407.66576,14.443,0.003
5407.70470,14.432,0.003
5407.74277,14.432,0.003
5408.50165,14.452,0.003
5408.54439,14.453,0.003
5408.59241,14.439,0.003
5408.63222,14.437,0.003
5408.67088,14.436,0.003
5408.70875,14.433,0.003
5408.74648,14.438,0.003
5408.78405,14.430,0.003
5409.49425,14.439,0.003
5409.55808,14.435,0.003
5409.66486,14.437,0.003
5409.74857,14.440,0.003
5409.78632,14.441,0.003
5410.49867,14.436,0.003
5410.56036,14.441,0.003
5410.66886,14.434,0.003
5410.75293,14.437,0.003
5411.47527,14.438,0.003
5411.51319,14.442,0.003
5411.59614,14.439,0.003
5411.70438,14.436,0.003
5411.76588,14.430,0.003
5412.52736,14.437,0.003
5412.56575,14.437,0.003
5412.60580,14.443,0.003
5412.64399,14.442,0.003
5412.68721,14.434,0.003
5412.76141,14.431,0.003
5413.50701,14.438,0.003
5413.59098,14.454,0.003
5413.69884,14.436,0.003
5413.75923,14.445,0.003
5414.48742,14.435,0.003
5414.52521,14.437,0.003
5414.63496,14.434,0.003
5414.74578,14.435,0.003
5416.60407,14.435,0.003
5416.65000,14.435,0.003
5416.71281,14.437,0.003
5418.56861,14.439,0.003
5418.61284,14.454,0.003
5418.66787,14.453,0.003
5418.71449,14.449,0.003
5421.52139,14.438,0.003
5421.58075,14.437,0.003
5421.62681,14.432,0.003
5421.66963,14.434,0.003
5421.71537,14.438,0.003
5422.50454,14.436,0.003
5422.54864,14.435,0.003
5422.67251,14.440,0.003
5423.48631,14.435,0.003
5423.52820,14.434,0.003
5423.63296,14.434,0.003
5425.49523,14.435,0.003
5425.53638,14.435,0.003
5426.50368,14.434,0.003
5426.54272,14.433,0.003
5426.69396,14.438,0.003
5430.48960,14.432,0.003
5430.52946,14.432,0.003
5430.57427,14.435,0.003
5430.61347,14.434,0.003
5430.65147,14.436,0.003
5431.49065,14.438,0.003
5431.53010,14.436,0.003
5431.56942,14.433,0.003
5431.61093,14.435,0.003
5431.64853,14.438,0.003
5431.68946,14.438,0.003
5432.62648,14.433,0.003
5432.66937,14.434,0.003
5433.65100,14.437,0.003
5433.68941,14.441,0.003
5434.52129,14.435,0.003
5434.56562,14.438,0.003
5434.60859,14.432,0.003
5434.65107,14.431,0.003
5434.69343,14.443,0.003
5435.49282,14.443,0.003
5435.53576,14.433,0.003
5435.60245,14.432,0.003
5435.65601,14.435,0.003
5435.69666,14.440,0.003
5436.49054,14.436,0.003
5436.59006,14.439,0.003
5436.59848,14.435,0.003
5436.70370,14.441,0.003
5437.54497,14.436,0.003
5437.67603,14.434,0.003
5438.52587,14.436,0.003
5438.59119,14.435,0.003
5438.66561,14.437,0.003
5438.70323,14.438,0.003
5439.54316,14.438,0.003
5439.58146,14.440,0.003
5439.61925,14.436,0.003
5439.65721,14.439,0.003
5443.51172,14.436,0.003
5443.55782,14.443,0.003
5443.59568,14.437,0.003
5443.63341,14.441,0.003
5443.67709,14.438,0.003
5444.51917,14.437,0.003
5444.56780,14.439,0.003
5444.61949,14.439,0.003
5444.65750,14.436,0.003
5445.49805,14.435,0.003
5445.62732,14.439,0.003
5445.66662,14.441,0.003
5446.50106,14.435,0.003
5446.54652,14.433,0.003
5446.58762,14.438,0.003
5446.62562,14.433,0.003
5447.47314,14.433,0.003
5447.51765,14.439,0.003
5447.55680,14.439,0.003
5447.62211,14.438,0.003
5448.48872,14.430,0.003
5448.53283,14.433,0.003
5448.61601,14.432,0.003
5449.48968,14.441,0.003
5449.53039,14.440,0.003
5449.58187,14.433,0.003
5450.49233,14.438,0.003
5450.53007,14.438,0.003
5450.56812,14.442,0.003
5450.61642,14.438,0.003
5450.65715,14.446,0.003
5451.51906,14.431,0.003
5451.64803,14.435,0.003
5453.49199,14.435,0.003
5453.58060,14.440,0.003
5457.49906,14.432,0.003
5457.55693,14.435,0.003
5457.61218,14.431,0.003
5458.48946,14.436,0.003
5458.54559,14.429,0.003
5458.59687,14.443,0.003
5459.50704,14.432,0.003
5459.56267,14.434,0.003
5459.60370,14.437,0.003
5460.49508,14.434,0.003
5460.54929,14.443,0.003
5460.59034,14.427,0.003
5461.51029,14.443,0.003
5461.55144,14.438,0.003
5461.59380,14.436,0.003
5462.49623,14.436,0.003
5462.56313,14.434,0.003
5463.51581,14.438,0.003
5463.59016,14.435,0.003
5464.50795,14.437,0.003
5464.54996,14.439,0.003
5465.52135,14.435,0.003
5467.50115,14.442,0.003
5468.57470,14.436,0.003
5470.52554,14.428,0.003
5471.53292,14.434,0.003
5471.59767,14.437,0.003
5472.56435,14.439,0.003
5473.51447,14.438,0.003
5476.50393,14.439,0.003
5478.49214,14.436,0.003
5479.51973,14.459,0.003
5480.50693,14.435,0.003
5480.57062,14.441,0.003
5481.54315,14.441,0.003
5485.52341,14.434,0.003
5486.50983,14.438,0.003
5487.48958,14.442,0.003
5487.55321,14.438,0.003
5488.54317,14.446,0.003
5489.53131,14.438,0.003
5490.52972,14.430,0.003
5492.53135,14.440,0.003
5494.53658,14.445,0.003
5495.54050,14.445,0.003
5497.53802,14.434,0.003
5502.50646,14.437,0.003
5596.87657,14.436,0.003
5598.86508,14.430,0.003
5599.87857,14.441,0.003
5600.87140,14.440,0.003
5602.86731,14.438,0.003
5604.87550,14.441,0.003
5605.87361,14.438,0.003
5606.87132,14.441,0.003
5607.87565,14.437,0.003
5608.87053,14.447,0.003
5611.85494,14.444,0.003
5612.87017,14.442,0.003
5614.85561,14.437,0.003
5615.86391,14.441,0.003
5616.85697,14.439,0.003
5617.89518,14.434,0.003
5620.84501,14.446,0.003
5621.84783,14.443,0.003
5622.88555,14.440,0.003
5624.84052,14.443,0.003
5625.81966,14.441,0.003
5626.81605,14.440,0.003
5627.84391,14.435,0.003
5628.85463,14.438,0.003
5629.82282,14.439,0.003
5630.80026,14.438,0.003
5631.82773,14.455,0.003
5632.83529,14.438,0.003
5633.79253,14.436,0.003
5634.84740,14.442,0.003
5635.85617,14.442,0.003
5637.81605,14.445,0.003
5638.79470,14.437,0.003
5639.79386,14.437,0.003
5639.86943,14.434,0.003
5640.75869,14.434,0.003
5640.80157,14.433,0.003
5640.83998,14.437,0.003
5640.88854,14.437,0.003
5641.75489,14.441,0.003
5641.79545,14.440,0.003
5641.87501,14.440,0.003
5642.76123,14.444,0.003
5642.79676,14.408,0.003
5642.85576,14.437,0.003
5642.87705,14.434,0.003
5643.77955,14.435,0.003
5643.81756,14.438,0.003
5643.87784,14.430,0.003
5644.74972,14.433,0.003
5644.78704,14.437,0.003
5644.85423,14.435,0.003
5644.90285,14.432,0.003
5647.85561,14.435,0.003
5647.87583,14.431,0.003
5647.89178,14.430,0.003
5648.74051,14.444,0.003
5648.77001,14.438,0.003
5648.83531,14.434,0.003
5648.87791,14.439,0.003
5649.74179,14.440,0.003
5649.77537,14.438,0.003
5649.84121,14.434,0.003
5649.88181,14.436,0.003
5650.73421,14.440,0.003
5650.76745,14.437,0.003
5650.82979,14.437,0.003
5650.87414,14.434,0.003
5651.74940,14.439,0.003
5651.78970,14.438,0.003
5651.86169,14.436,0.003
5651.90826,14.436,0.003
5652.78996,14.438,0.003
5652.83229,14.437,0.003
5652.87580,14.438,0.003
5653.78839,14.435,0.003
5653.91880,14.431,0.003
5654.79375,14.437,0.003
5654.83983,14.442,0.003
5654.88397,14.442,0.003
5655.75086,14.438,0.003
5655.78917,14.437,0.003
5655.82720,14.437,0.003
5655.87368,14.437,0.003
5656.76486,14.437,0.003
5656.81062,14.437,0.003
5656.85059,14.434,0.003
5657.76034,14.434,0.003
5657.79928,14.437,0.003
5657.84001,14.438,0.003
5657.88618,14.438,0.003
5658.74979,14.436,0.003
5658.79538,14.436,0.003
5658.85214,14.434,0.003
5658.89265,14.434,0.003
5659.70882,14.443,0.003
5659.74684,14.442,0.003
5659.78502,14.433,0.003
5659.82503,14.438,0.003
5659.86937,14.442,0.003
5659.91538,14.438,0.003
5660.74275,14.442,0.003
5660.78728,14.436,0.003
5660.82898,14.439,0.003
5660.90061,14.437,0.003
5662.73785,14.439,0.003
5662.77826,14.442,0.003
5662.83934,14.438,0.003
5662.87803,14.434,0.003
5662.91940,14.436,0.003
5664.73948,14.439,0.003
5664.78462,14.437,0.003
5664.84480,14.442,0.003
5664.88527,14.440,0.003
5664.92767,14.432,0.003
5665.75170,14.441,0.003
5665.79741,14.438,0.003
5665.86161,14.434,0.003
5665.90930,14.437,0.003
5667.75851,14.438,0.003
5667.81044,14.438,0.003
5667.85265,14.438,0.003
5667.90612,14.435,0.003
5668.73548,14.430,0.003
5668.81251,14.435,0.003
5668.87097,14.435,0.003
5668.91177,14.432,0.003
5669.75284,14.437,0.003
5669.79987,14.435,0.003
5669.85016,14.436,0.003
5669.90158,14.435,0.003
5670.73553,14.435,0.003
5670.77450,14.438,0.003
5670.83824,14.442,0.003
5670.88067,14.432,0.003
5670.92065,14.437,0.003
5671.75761,14.433,0.003
5675.71981,14.438,0.003
5675.75824,14.432,0.003
5675.79673,14.438,0.003
5675.85446,14.434,0.003
5675.90987,14.431,0.003
5676.68452,14.435,0.003
5676.72351,14.445,0.003
5676.76293,14.433,0.003
5676.80232,14.441,0.003
5676.86251,14.435,0.003
5676.91259,14.432,0.003
5677.71742,14.444,0.003
5677.75952,14.436,0.003
5677.80183,14.437,0.003
5677.86267,14.436,0.003
5677.90466,14.435,0.003
5679.68205,14.441,0.003
5679.72364,14.434,0.003
5679.77423,14.436,0.003
5679.81676,14.431,0.003
5679.86859,14.431,0.003
5679.90706,14.432,0.003
5680.66965,14.432,0.003
5680.70821,14.442,0.003
5680.74752,14.436,0.003
5680.79739,14.438,0.003
5680.85178,14.436,0.003
5680.89384,14.435,0.003
5681.66053,14.448,0.003
5681.69881,14.441,0.003
5681.73761,14.435,0.003
5681.78888,14.437,0.003
5681.84193,14.430,0.003
5681.88465,14.432,0.003
5681.92453,14.434,0.003
5682.68734,14.435,0.003
5682.72872,14.435,0.003
5682.77734,14.436,0.003
5682.82943,14.435,0.003
5682.85572,14.438,0.003
5682.86593,14.434,0.003
5682.90831,14.436,0.003
5683.65825,14.439,0.003
5683.70972,14.435,0.003
5683.78899,14.436,0.003
5683.82906,14.434,0.003
5683.88951,14.429,0.003
5683.93094,14.439,0.003
5684.69201,14.436,0.003
5684.74227,14.431,0.003
5684.79229,14.432,0.003
5684.86284,14.433,0.003
5684.90337,14.431,0.003
5685.65488,14.439,0.003
5685.77866,14.436,0.003
5685.81789,14.439,0.003
5685.87270,14.430,0.003
5685.91490,14.434,0.003
5686.66825,14.445,0.003
5686.72824,14.441,0.003
5686.78439,14.430,0.003
5686.83282,14.436,0.003
5686.87448,14.431,0.003
5686.91389,14.440,0.003
5687.66868,14.465,0.003
5687.71349,14.442,0.003
5687.76401,14.437,0.003
5687.81590,14.434,0.003
5688.81578,14.434,0.003
5688.88148,14.435,0.003
5688.93831,14.434,0.003
5689.70065,14.440,0.003
5689.77546,14.436,0.003
5689.81543,14.437,0.003
5690.65294,14.434,0.003
5690.70309,14.441,0.003
5690.76454,14.437,0.003
5690.80488,14.438,0.003
5690.86352,14.432,0.003
5690.92966,14.440,0.003
5691.66192,14.441,0.003
5691.73286,14.439,0.003
5691.77590,14.438,0.003
5691.82539,14.441,0.003
5691.86539,14.439,0.003
5691.93344,14.447,0.003
5692.66481,14.462,0.003
5692.72027,14.457,0.003
5692.76749,14.441,0.003
5692.80728,14.434,0.003
5692.84618,14.433,0.003
5692.88462,14.431,0.003
5692.92222,14.437,0.003
5693.63525,14.440,0.003
5693.68382,14.438,0.003
5693.75326,14.436,0.003
5693.79104,14.435,0.003
5693.83030,14.435,0.003
5693.86788,14.436,0.003
5693.90581,14.439,0.003
5694.61375,14.438,0.003
5694.64733,14.438,0.003
5694.68524,14.439,0.003
5694.75150,14.434,0.003
5694.79972,14.439,0.003
5694.83851,14.436,0.003
5694.87584,14.442,0.003
5694.91353,14.440,0.003
5695.61759,14.438,0.003
5695.65901,14.437,0.003
5695.73997,14.441,0.003
5695.79569,14.433,0.003
5695.83996,14.437,0.003
5695.87794,14.435,0.003
5695.91549,14.436,0.003
5696.60916,14.432,0.003
5696.64546,14.439,0.003
5696.69503,14.434,0.003
5696.74260,14.434,0.003
5696.78210,14.439,0.003
5696.82603,14.434,0.003
5696.86745,14.429,0.003
5696.92597,14.436,0.003
5697.61547,14.437,0.003
5697.66286,14.441,0.003
5697.71041,14.447,0.003
5697.74909,14.452,0.003
5697.79128,14.455,0.003
5697.83034,14.452,0.003
5697.87064,14.432,0.003
5697.91263,14.441,0.003
5698.60803,14.441,0.003
5698.64540,14.437,0.003
5698.69607,14.442,0.003
5698.73607,14.441,0.003
5698.77422,14.440,0.003
5698.81655,14.437,0.003
5698.85485,14.434,0.003
5698.89478,14.441,0.003
5698.93920,14.438,0.003
5702.91777,14.440,0.003
5703.72939,14.439,0.003
5703.77863,14.444,0.003
5703.84640,14.439,0.003
5705.72313,14.445,0.003
5705.76551,14.439,0.003
5705.81878,14.441,0.003
5705.87020,14.442,0.003
5705.91571,14.445,0.003
5706.65659,14.441,0.003
5706.75310,14.438,0.003
5706.80511,14.433,0.003
5706.87073,14.439,0.003
5707.60143,14.441,0.003
5707.64874,14.438,0.003
5707.69597,14.440,0.003
5707.73411,14.439,0.003
5707.77422,14.436,0.003
5707.81413,14.437,0.003
5707.85325,14.434,0.003
5707.89529,14.455,0.003
5707.94505,14.465,0.003
5708.60924,14.437,0.003
5708.66524,14.437,0.003
5708.71565,14.442,0.003
5708.75377,14.443,0.003
5708.80482,14.437,0.003
5708.84849,14.436,0.003
5708.89971,14.434,0.003
5709.58442,14.447,0.003
5709.63739,14.439,0.003
5709.79296,14.434,0.003
5711.69639,14.435,0.003
5712.61052,14.437,0.003
5712.69420,14.438,0.003
5712.73392,14.440,0.003
5712.77658,14.443,0.003
5712.81634,14.439,0.003
5712.85913,14.440,0.003
5713.74082,14.436,0.003
5713.83071,14.433,0.003
5713.87118,14.441,0.003
5714.62679,14.443,0.003
5714.64069,14.433,0.003
5714.85540,14.444,0.003
5715.58267,14.432,0.003
5715.59036,14.437,0.003
5715.63107,14.440,0.003
5715.68385,14.434,0.003
5715.73038,14.432,0.003
5715.77628,14.436,0.003
5715.82015,14.439,0.003
5715.85993,14.441,0.003
5715.91614,14.437,0.003
5716.65092,14.442,0.003
5716.71531,14.436,0.003
5716.75543,14.439,0.003
5716.79931,14.439,0.003
5716.83815,14.434,0.003
5716.87863,14.439,0.003
5721.55961,14.434,0.003
5721.57356,14.436,0.003
5721.64904,14.438,0.003
5721.72512,14.443,0.003
5721.74014,14.438,0.003
5721.79087,14.441,0.003
5721.82996,14.437,0.003
5721.88192,14.438,0.003
5722.55470,14.436,0.003
5722.57035,14.433,0.003
5722.62977,14.429,0.003
5722.68424,14.434,0.003
5722.72571,14.439,0.003
5722.74044,14.433,0.003
5722.78961,14.438,0.003
5722.83113,14.438,0.003
5723.57134,14.431,0.003
5723.61952,14.433,0.003
5723.66709,14.438,0.003
5723.70847,14.436,0.003
5723.74913,14.434,0.003
5723.78758,14.438,0.003
5723.82663,14.436,0.003
5723.86612,14.444,0.003
5724.57052,14.438,0.003
5724.64753,14.436,0.003
5724.69966,14.435,0.003
5724.74959,14.433,0.003
5724.80004,14.433,0.003
5725.54062,14.439,0.003
5725.61674,14.437,0.003
5725.68191,14.436,0.003
5725.72399,14.431,0.003
5725.76317,14.433,0.003
5725.80263,14.423,0.003
5726.56460,14.442,0.003
5726.61164,14.437,0.003
5726.64951,14.436,0.003
5726.69731,14.433,0.003
5726.73858,14.436,0.003
5726.78410,14.441,0.003
5726.82810,14.441,0.003
5734.66173,14.436,0.003
5734.70455,14.439,0.003
5734.75260,14.432,0.003
5734.79563,14.437,0.003
5734.84434,14.437,0.003
5734.88898,14.439,0.003
5735.67945,14.434,0.003
5735.74421,14.443,0.003
5735.79103,14.439,0.003
5735.83743,14.435,0.003
5735.88207,14.436,0.003
5736.54017,14.441,0.003
5736.57815,14.436,0.003
5736.62031,14.436,0.003
5736.66393,14.433,0.003
5736.70735,14.440,0.003
5736.78717,14.432,0.003
5736.83425,14.437,0.003
5736.88239,14.438,0.003
5737.52339,14.438,0.003
5737.56147,14.439,0.003
5737.61475,14.435,0.003
5737.65732,14.439,0.003
5737.71144,14.440,0.003
5737.75228,14.436,0.003
5737.79143,14.437,0.003
5737.83854,14.440,0.003
5737.87938,14.442,0.003
5738.59086,14.436,0.003
5738.63166,14.437,0.003
5738.69896,14.435,0.003
5738.73847,14.435,0.003
5739.50442,14.432,0.003
5739.52964,14.437,0.003
5739.56789,14.437,0.003
5739.60849,14.438,0.003
5739.65722,14.435,0.003
5739.71512,14.437,0.003
5739.75349,14.432,0.003
5739.79225,14.435,0.003
5739.84708,14.432,0.003
5740.50308,14.441,0.003
5740.54756,14.438,0.003
5740.58863,14.442,0.003
5740.64846,14.439,0.003
5740.71211,14.436,0.003
5740.75162,14.437,0.003
5740.79648,14.436,0.003
5740.83555,14.438,0.003
5740.88296,14.435,0.003
5741.52240,14.435,0.003
5741.56163,14.439,0.003
5741.60580,14.434,0.003
5741.64366,14.434,0.003
5741.70472,14.430,0.003
5741.74381,14.437,0.003
5741.78474,14.432,0.003
5741.82301,14.439,0.003
5741.86099,14.436,0.003
5742.49391,14.433,0.003
5742.53658,14.429,0.003
5742.57893,14.436,0.003
5742.61690,14.437,0.003
5742.67869,14.436,0.003
5742.71752,14.433,0.003
5742.75609,14.437,0.003
5742.79433,14.440,0.003
5742.83235,14.435,0.003
5742.87261,14.437,0.003
5743.62850,14.436,0.003
5743.66827,14.434,0.003
5743.72929,14.436,0.003
5743.76745,14.437,0.003
5743.80552,14.437,0.003
5743.84312,14.433,0.003
5743.88106,14.435,0.003
5744.52517,14.435,0.003
5744.56354,14.434,0.003
5744.60171,14.435,0.003
5744.66076,14.443,0.003
5744.72851,14.434,0.003
5744.78006,14.436,0.003
5744.82026,14.439,0.003
5744.86542,14.430,0.003
5745.51389,14.435,0.003
5745.56009,14.441,0.003
5745.60083,14.443,0.003
5745.63997,14.439,0.003
5745.70053,14.433,0.003
5745.73857,14.435,0.003
5745.77674,14.439,0.003
5745.81465,14.442,0.003
5745.86770,14.438,0.003
5746.58313,14.436,0.003
5746.62080,14.443,0.003
5746.67627,14.437,0.003
5746.72731,14.439,0.003
5746.76503,14.440,0.003
5746.80733,14.443,0.003
5746.85312,14.443,0.003
5747.61571,14.441,0.003
5747.66056,14.434,0.003
5747.70582,14.442,0.003
5747.74956,14.440,0.003
5747.81590,14.442,0.003
5748.63187,14.434,0.003
5748.68923,14.439,0.003
5749.52704,14.434,0.003
5749.56502,14.409,0.003
5749.60440,14.440,0.003
5749.65371,14.437,0.003
5749.69336,14.440,0.003
5749.73164,14.440,0.003
5749.77003,14.440,0.003
5749.80930,14.444,0.003
5752.57143,14.434,0.003
5752.61533,14.442,0.003
5752.66635,14.433,0.003
5752.72254,14.431,0.003
5752.76196,14.435,0.003
5753.51154,14.437,0.003
5753.55489,14.456,0.003
5753.60546,14.463,0.003
5753.69839,14.436,0.003
5753.76976,14.439,0.003
5754.59852,14.437,0.003
5759.83240,14.446,0.003
5760.49229,14.445,0.003
5760.53391,14.437,0.003
5760.58650,14.436,0.003
5760.64273,14.437,0.003
5760.68764,14.437,0.003
5760.73738,14.434,0.003
5760.77565,14.438,0.003
5760.81331,14.439,0.003
5761.50674,14.446,0.003
5761.54997,14.424,0.003
5761.61581,14.438,0.003
5762.51332,14.438,0.003
5762.55160,14.433,0.003
5762.59325,14.435,0.003
5762.63160,14.438,0.003
5762.67136,14.442,0.003
5762.70759,14.435,0.003
5762.76894,14.440,0.003
5763.50361,14.440,0.003
5763.54763,14.434,0.003
5763.58928,14.434,0.003
5763.64617,14.432,0.003
5763.68804,14.452,0.003
5763.73560,14.458,0.003
5763.77358,14.455,0.003
5763.81243,14.440,0.003
5764.51146,14.436,0.003
5764.55131,14.436,0.003
5764.59188,14.435,0.003
5764.64009,14.436,0.003
5764.68911,14.436,0.003
5764.73475,14.433,0.003
5765.47044,14.441,0.003
5765.51045,14.442,0.003
5765.55335,14.435,0.003
5765.61739,14.440,0.003
5765.66238,14.436,0.003
5765.70661,14.439,0.003
5765.75251,14.444,0.003
5766.48283,14.439,0.003
5766.52178,14.435,0.003
5766.58617,14.437,0.003
5766.62603,14.432,0.003
5766.66675,14.440,0.003
5766.70795,14.439,0.003
5766.75163,14.437,0.003
5767.49999,14.437,0.003
5767.54556,14.440,0.003
5767.58894,14.439,0.003
5767.65684,14.440,0.003
5767.71277,14.436,0.003
5767.75352,14.442,0.003
5767.79509,14.442,0.003
5768.49928,14.441,0.003
5768.55054,14.440,0.003
5768.60061,14.440,0.003
5768.64827,14.433,0.003
5768.69603,14.437,0.003
5768.73856,14.439,0.003
5768.77884,14.457,0.003
5769.48408,14.441,0.003
5769.52623,14.440,0.003
5769.57904,14.441,0.003
5769.63477,14.435,0.003
5769.69143,14.438,0.003
5769.73886,14.437,0.003
5769.78399,14.444,0.003
5770.72383,14.439,0.003
5770.76528,14.446,0.003
5775.60652,14.436,0.003
5775.67187,14.439,0.003
5776.54043,14.437,0.003
5776.60768,14.439,0.003
5776.64873,14.438,0.003
5776.72338,14.441,0.003
5777.48023,14.447,0.003
5777.52475,14.441,0.003
5777.57680,14.440,0.003
5777.65719,14.437,0.003
5777.70730,14.412,0.003
5777.77212,14.444,0.003
5778.50498,14.438,0.003
5778.56142,14.439,0.003
5778.60973,14.436,0.003
5779.59979,14.437,0.003
5779.64372,14.442,0.003
5779.69823,14.442,0.003
5779.74281,14.441,0.003
5784.52064,14.434,0.003
5784.60315,14.437,0.003
5784.72050,14.439,0.003
5785.52007,14.440,0.003
5785.58041,14.438,0.003
5785.62696,14.438,0.003
5785.66931,14.434,0.003
5785.71119,14.440,0.003
5786.49355,14.436,0.003
5786.57058,14.437,0.003
5786.61499,14.439,0.003
5786.65762,14.441,0.003
5786.71298,14.437,0.003
5787.47813,14.438,0.003
5787.54928,14.433,0.003
5787.59137,14.441,0.003
5787.63679,14.430,0.003
5787.67574,14.435,0.003
5787.72143,14.435,0.003
5788.49327,14.436,0.003
5788.55694,14.446,0.003
5788.59652,14.435,0.003
5788.63731,14.442,0.003
5788.67806,14.438,0.003
5788.72182,14.437,0.003
5790.47489,14.438,0.003
5790.52232,14.441,0.003
5790.57444,14.443,0.003
5790.61612,14.443,0.003
5790.65682,14.437,0.003
5790.69699,14.436,0.003
5790.73519,14.436,0.003
5791.51308,14.441,0.003
5791.61511,14.438,0.003
5793.51638,14.440,0.003
5793.56951,14.442,0.003
5793.61178,14.443,0.003
5793.65035,14.446,0.003
5793.68933,14.438,0.003
5793.73355,14.447,0.003
5794.50804,14.440,0.003
5794.57531,14.438,0.003
5794.61642,14.437,0.003
5794.65834,14.444,0.003
5794.70517,14.441,0.003
5795.56860,14.437,0.003
5795.62998,14.435,0.003
5795.71172,14.448,0.003
5796.47875,14.439,0.003
5796.52949,14.428,0.003
5796.59816,14.435,0.003
5796.63711,14.443,0.003
5796.67844,14.443,0.003
5796.72043,14.445,0.003
5799.49289,14.440,0.003
5801.53335,14.446,0.003
5801.57260,14.442,0.003
5801.61073,14.436,0.003
5801.65202,14.445,0.003
5801.69206,14.437,0.003
5802.56370,14.438,0.003
5802.64346,14.439,0.003
5803.53734,14.442,0.003
5804.50256,14.433,0.003
5804.55444,14.439,0.003
5804.59494,14.433,0.003
5804.63281,14.438,0.003
5804.67697,14.439,0.003
5805.49221,14.434,0.003
5805.54548,14.434,0.003
5805.58346,14.434,0.003
5805.62684,14.440,0.003
5805.68258,14.444,0.003
5806.54080,14.433,0.003
5806.62573,14.439,0.003
5807.58061,14.432,0.003
5807.62324,14.439,0.003
5807.66100,14.435,0.003
5809.47560,14.454,0.003
5809.49311,14.436,0.003
5809.53049,14.433,0.003
5809.57626,14.436,0.003
5812.52458,14.439,0.003
5812.56474,14.433,0.003
5812.60541,14.426,0.003
5812.64655,14.445,0.003
5813.50326,14.434,0.003
5813.54939,14.436,0.003
5813.58770,14.433,0.003
5813.62551,14.436,0.003
5813.66237,14.440,0.003
5815.51910,14.435,0.003
5815.55750,14.435,0.003
5815.60475,14.434,0.003
5815.64253,14.435,0.003
5816.47934,14.433,0.003
5816.53768,14.433,0.003
5816.57586,14.441,0.003
5816.61423,14.440,0.003
5817.48209,14.435,0.003
5817.53893,14.436,0.003
5817.57689,14.434,0.003
5817.61595,14.439,0.003
5817.65708,14.447,0.003
5818.52040,14.439,0.003
5818.55847,14.439,0.003
5818.59685,14.437,0.003
5818.63854,14.447,0.003
5819.51997,14.454,0.003
5819.56682,14.460,0.003
5819.60454,14.453,0.003
5819.64441,14.434,0.003
5820.49770,14.437,0.003
5820.54479,14.436,0.003
5820.58250,14.432,0.003
5820.62038,14.440,0.003
5820.65666,14.436,0.003
5822.53978,14.436,0.003
5822.58478,14.435,0.003
5822.62843,14.442,0.003
5823.51650,14.440,0.003
5823.55985,14.433,0.003
5823.60344,14.436,0.003
5824.48396,14.436,0.003
5824.54042,14.435,0.003
5824.58097,14.447,0.003
5824.62093,14.459,0.003
5825.50046,14.438,0.003
5825.55845,14.434,0.003
5825.59694,14.431,0.003
5826.48133,14.432,0.003
5826.52121,14.441,0.003
5826.56869,14.438,0.003
5826.60782,14.441,0.003
5827.50766,14.436,0.003
5827.54565,14.435,0.003
5827.58815,14.438,0.003
5827.62570,14.440,0.003
5828.52091,14.433,0.003
5828.55888,14.433,0.003
5828.59644,14.444,0.003
5829.48283,14.437,0.003
5829.53184,14.438,0.003
5829.56953,14.433,0.003
5829.60778,14.438,0.003
5830.50677,14.438,0.003
5830.54492,14.435,0.003
5830.58259,14.451,0.003
5831.51398,14.437,0.003
5831.55157,14.440,0.003
5831.58890,14.444,0.003
5832.48726,14.434,0.003
5832.53498,14.435,0.003
5832.57626,14.437,0.003
5833.48139,14.440,0.003
5833.53293,14.436,0.003
5833.57260,14.437,0.003
5834.48173,14.436,0.003
5834.53212,14.436,0.003
5834.56999,14.442,0.003
5835.51243,14.445,0.003
5835.55333,14.429,0.003
5836.51564,14.436,0.003
5836.54917,14.425,0.003
5836.58075,14.440,0.003
5839.50120,14.441,0.003
5839.53964,14.439,0.003
5839.57745,14.436,0.003
5840.48243,14.439,0.003
5840.53146,14.434,0.003
5840.58390,14.436,0.003
5841.48494,14.435,0.003
5841.52567,14.434,0.003
5841.56898,14.432,0.003
5841.60496,14.442,0.003
5842.52692,14.436,0.003
5842.57566,14.437,0.003
5843.48492,14.440,0.003
5843.52866,14.443,0.003
5843.56916,14.439,0.003
5843.61017,14.455,0.003
5844.51356,14.438,0.003
5844.55248,14.440,0.003
5844.59209,14.440,0.003
5845.51301,14.437,0.003
5845.55346,14.434,0.003
5845.59372,14.436,0.003
5846.51667,14.441,0.003
5846.55542,14.433,0.003
5847.54363,14.439,0.003
5850.52771,14.433,0.003
5850.56613,14.437,0.003
5851.51667,14.435,0.003
5851.55446,14.439,0.003
5852.50569,14.431,0.003
5852.54779,14.430,0.003
5854.50919,14.434,0.003
5854.55015,14.433,0.003
5855.49174,14.433,0.003
5855.53694,14.430,0.003
5856.49321,14.438,0.003
5856.54187,14.431,0.003
5857.51114,14.432,0.003
5858.51141,14.439,0.003
5859.50791,14.431,0.003
5859.54454,14.438,0.003
5860.52339,14.432,0.003
5861.51714,14.438,0.003
5861.53594,14.434,0.003
5862.49546,14.433,0.003
5862.52456,14.429,0.003
5866.50474,14.437,0.003
5866.52960,14.450,0.003
5867.50429,14.434,0.003
5867.52668,14.442,0.003
5868.50741,14.436,0.003
5869.49697,14.433,0.003
5869.52183,14.440,0.003
5870.50482,14.442,0.003
5870.52293,14.439,0.003
5872.50697,14.444,0.003
5872.51271,14.439,0.003
5873.50817,14.437,0.003
5874.50627,14.435,0.003
5875.50299,14.437,0.003
5960.88277,14.436,0.003
5962.88258,14.436,0.003
5963.88321,14.440,0.003
5964.87826,14.433,0.003
5965.88564,14.434,0.003
5967.89070,14.438,0.003
5968.88369,14.441,0.003
5970.87568,14.438,0.003
5971.87705,14.451,0.003
5972.89191,14.439,0.003
5976.88110,14.461,0.003
5977.83919,14.440,0.003
5977.87862,14.437,0.003
5978.84433,14.442,0.003
5978.88890,14.432,0.003
5979.84234,14.449,0.003
5979.88081,14.448,0.003
5980.86220,14.445,0.003
5982.82342,14.442,0.003
5982.86678,14.446,0.003
5983.82815,14.443,0.003
5983.85850,14.437,0.003
5984.82298,14.438,0.003
5984.84897,14.437,0.003
5984.89658,14.438,0.003
5985.83282,14.440,0.003
5985.87130,14.440,0.003
5986.82050,14.439,0.003
5986.84098,14.436,0.003
5986.88889,14.437,0.003
5987.81920,14.441,0.003
5987.85574,14.430,0.003
5987.90569,14.434,0.003
5988.83479,14.439,0.003
5988.88209,14.439,0.003
5989.81261,14.444,0.003
5989.85075,14.444,0.003
5989.89234,14.440,0.003
5990.81064,14.436,0.003
5990.84840,14.448,0.003
5990.88984,14.438,0.003
5991.82347,14.441,0.003
5991.86385,14.436,0.003
5992.81778,14.440,0.003
5992.84048,14.441,0.003
5992.88254,14.435,0.003
5993.80833,14.436,0.003
5993.84753,14.440,0.003
5993.89064,14.441,0.003
5994.80986,14.438,0.003
5994.84161,14.441,0.003
5994.89252,14.439,0.003
5995.79875,14.437,0.003
5995.82131,14.435,0.003
5995.86687,14.437,0.003
5995.90507,14.435,0.003
5996.80951,14.439,0.003
5996.84708,14.441,0.003
5996.89384,14.442,0.003
5997.80292,14.438,0.003
5997.84160,14.446,0.003
5997.88924,14.428,0.003
5998.78678,14.443,0.003
5998.81780,14.441,0.003
5998.86936,14.439,0.003
5998.90710,14.436,0.003
5999.80166,14.442,0.003
5999.85021,14.445,0.003
5999.88841,14.438,0.003
6002.90482,14.437,0.003
6003.82544,14.451,0.003
6003.88384,14.442,0.003
6004.76893,14.447,0.003
6004.81676,14.442,0.003
6004.86534,14.442,0.003
6004.90293,14.438,0.003
6005.77044,14.437,0.003
6005.81378,14.439,0.003
6005.86926,14.440,0.003
6005.91670,14.437,0.003
6006.78608,14.439,0.003
6006.83719,14.436,0.003
6006.88620,14.436,0.003
6006.92414,14.430,0.003
6007.78017,14.439,0.003
6007.82706,14.435,0.003
6007.87531,14.438,0.003
6007.91293,14.437,0.003
6008.77193,14.445,0.003
6008.81928,14.436,0.003
6008.86855,14.436,0.003
6008.90605,14.435,0.003
6009.76253,14.442,0.003
6009.80797,14.438,0.003
6009.85639,14.436,0.003
6009.89380,14.441,0.003
6010.74614,14.430,0.003
6010.77773,14.437,0.003
6010.82671,14.441,0.003
6010.87591,14.437,0.003
6010.91419,14.446,0.003
6011.76384,14.446,0.003
6011.82432,14.435,0.003
6011.88175,14.432,0.003
6011.91994,14.442,0.003
6012.76793,14.440,0.003
6012.80858,14.439,0.003
6012.86691,14.435,0.003
6012.90481,14.437,0.003
6013.76372,14.441,0.003
6013.80251,14.430,0.003
6013.86397,14.438,0.003
6013.90523,14.440,0.003
6014.73995,14.441,0.003
6014.77882,14.436,0.003
6014.83820,14.436,0.003
6014.87762,14.443,0.003
6014.91728,14.438,0.003
6015.75678,14.435,0.003
6015.79563,14.436,0.003
6015.88429,14.434,0.003
6016.73325,14.444,0.003
6016.77519,14.437,0.003
6016.81546,14.436,0.003
6016.87818,14.434,0.003
6016.91999,14.441,0.003
6017.75056,14.435,0.003
6017.78869,14.435,0.003
6017.82799,14.438,0.003
6017.88551,14.436,0.003
6018.71800,14.444,0.003
6018.77751,14.443,0.003
6018.81630,14.432,0.003
6018.85667,14.413,0.003
6018.92153,14.436,0.003
6019.74445,14.446,0.003
6019.78385,14.439,0.003
6019.84109,14.442,0.003
6019.87887,14.440,0.003
6019.91880,14.435,0.003
6020.73682,14.440,0.003
6020.77474,14.434,0.003
6020.83067,14.437,0.003
6020.86971,14.436,0.003
6020.91035,14.444,0.003
6021.71922,14.447,0.003
6021.75802,14.442,0.003
6021.79625,14.441,0.003
6021.83582,14.435,0.003
6021.89320,14.439,0.003
6022.70634,14.445,0.003
6022.74483,14.437,0.003
6022.78305,14.439,0.003
6022.82206,14.434,0.003
6022.87917,14.439,0.003
6022.92119,14.438,0.003
6023.73901,14.437,0.003
6023.77900,14.434,0.003
6023.81927,14.431,0.003
6023.86099,14.437,0.003
6023.92670,14.437,0.003
6024.72426,14.449,0.003
6024.76524,14.430,0.003
6024.82581,14.433,0.003
6024.86637,14.433,0.003
6024.91663,14.436,0.003
6025.72208,14.436,0.003
6025.76393,14.434,0.003
6025.80256,14.435,0.003
6025.85749,14.434,0.003
6026.69423,14.442,0.003
6029.84842,14.447,0.003
6031.74690,14.443,0.003
6031.76133,14.441,0.003
6031.77423,14.439,0.003
6031.78678,14.443,0.003
6031.80081,14.444,0.003
6031.81360,14.440,0.003
6031.82635,14.443,0.003
6031.84179,14.434,0.003
6031.85485,14.440,0.003
6031.86766,14.445,0.003
6031.88256,14.435,0.003
6031.90610,14.437,0.003
6031.92849,14.438,0.003
6032.67774,14.464,0.003
6032.69029,14.461,0.003
6032.70258,14.469,0.003
6032.71772,14.460,0.003
6032.73058,14.457,0.003
6032.74312,14.458,0.003
6032.76555,14.457,0.003
6032.77860,14.446,0.003
6032.80117,14.442,0.003
6032.81400,14.438,0.003
6032.82684,14.434,0.003
6032.84205,14.435,0.003
6032.85431,14.436,0.003
6032.87004,14.439,0.003
6032.88320,14.436,0.003
6032.89787,14.439,0.003
6032.91084,14.438,0.003
6032.92370,14.438,0.003
6033.68977,14.444,0.003
6033.70314,14.453,0.003
6033.72011,14.444,0.003
6033.73647,14.440,0.003
6033.75160,14.438,0.003
6033.76519,14.444,0.003
6033.77811,14.445,0.003
6033.80810,14.443,0.003
6033.83623,14.449,0.003
6033.84911,14.439,0.003
6033.86223,14.438,0.003
6033.87520,14.438,0.003
6033.89052,14.438,0.003
6033.90399,14.443,0.003
6033.91669,14.441,0.003
6033.92926,14.440,0.003
6034.68559,14.442,0.003
6034.69950,14.445,0.003
6034.71514,14.437,0.003
6034.73225,14.439,0.003
6034.74802,14.441,0.003
6034.76286,14.438,0.003
6034.77800,14.441,0.003
6034.79185,14.431,0.003
6034.81831,14.439,0.003
6034.83215,14.436,0.003
6034.85456,14.435,0.003
6034.89253,14.434,0.003
6034.90787,14.438,0.003
6034.92039,14.437,0.003
6035.83374,14.434,0.003
6035.84672,14.438,0.003
6035.86417,14.439,0.003
6035.89131,14.441,0.003
6035.91603,14.437,0.003
6035.92868,14.434,0.003
6036.69354,14.445,0.003
6036.70660,14.442,0.003
6036.72120,14.413,0.003
6036.73587,14.442,0.003
6036.75076,14.439,0.003
6036.76519,14.439,0.003
6036.78774,14.437,0.003
6036.81287,14.438,0.003
6036.82692,14.434,0.003
6036.84153,14.437,0.003
6036.85689,14.440,0.003
6036.87125,14.440,0.003
6036.89593,14.439,0.003
6036.90906,14.440,0.003
6036.92860,14.434,0.003
6037.70707,14.436,0.003
6037.72040,14.443,0.003
6037.73509,14.453,0.003
6037.74768,14.455,0.003
6037.76176,14.456,0.003
6037.77587,14.459,0.003
6037.79139,14.452,0.003
6037.81542,14.460,0.003
6037.84495,14.449,0.003
6037.86250,14.435,0.003
6037.87608,14.430,0.003
6037.88908,14.432,0.003
6037.90301,14.439,0.003
6037.91563,14.436,0.003
6038.70304,14.433,0.003
6038.71597,14.439,0.003
6038.73065,14.436,0.003
6038.74499,14.441,0.003
6038.75761,14.436,0.003
6038.77086,14.436,0.003
6038.79450,14.434,0.003
6038.82283,14.434,0.003
6038.83800,14.437,0.003
6038.85065,14.436,0.003
6038.86591,14.439,0.003
6038.88131,14.435,0.003
6038.89427,14.435,0.003
6038.91849,14.434,0.003
6038.93245,14.442,0.003
6039.70584,14.436,0.003
6039.72543,14.436,0.003
6039.73904,14.441,0.003
6039.75160,14.443,0.003
6039.76864,14.439,0.003
6039.78533,14.439,0.003
6039.79831,14.442,0.003
6039.82287,14.443,0.003
6039.84547,14.438,0.003
6039.85929,14.435,0.003
6039.87441,14.441,0.003
6039.88990,14.440,0.003
6039.90303,14.435,0.003
6039.91569,14.439,0.003
6039.92817,14.434,0.003
6040.70300,14.443,0.003
6040.73081,14.442,0.003
6040.74338,14.433,0.003
6040.75639,14.431,0.003
6040.77178,14.434,0.003
6040.78537,14.435,0.003
6040.79831,14.437,0.003
6040.81188,14.441,0.003
6040.83651,14.433,0.003
6040.86096,14.438,0.003
6040.87637,14.436,0.003
6040.88978,14.440,0.003
6040.90253,14.441,0.003
6040.91498,14.436,0.003
6040.92784,14.427,0.003
6041.69092,14.452,0.003
6041.70282,14.441,0.003
6041.71850,14.439,0.003
6041.73494,14.443,0.003
6041.74912,14.451,0.003
6041.76374,14.440,0.003
6041.78041,14.437,0.003
6041.79334,14.437,0.003
6041.81554,14.434,0.003
6041.82938,14.437,0.003
6041.85413,14.439,0.003
6041.86809,14.435,0.003
6041.88276,14.433,0.003
6041.89535,14.439,0.003
6041.90846,14.438,0.003
6041.92117,14.432,0.003
6045.88993,14.438,0.003
6045.90257,14.432,0.003
6045.91517,14.434,0.003
6045.92759,14.439,0.003
6045.94158,14.438,0.003
6046.87598,14.437,0.003
6046.89023,14.436,0.003
6046.90416,14.436,0.003
6046.91662,14.437,0.003
6046.92914,14.439,0.003
6047.67419,14.442,0.003
6047.68816,14.437,0.003
6047.70062,14.440,0.003
6047.71330,14.437,0.003
6047.72578,14.438,0.003
6047.73953,14.440,0.003
6047.75280,14.429,0.003
6047.76613,14.433,0.003
6047.77855,14.436,0.003
6047.79239,14.437,0.003
6047.81645,14.439,0.003
6047.83921,14.436,0.003
6047.86551,14.431,0.003
6047.87917,14.442,0.003
6047.89199,14.455,0.003
6047.90687,14.454,0.003
6047.91981,14.462,0.003
6047.93248,14.452,0.003
6048.67938,14.439,0.003
6048.69209,14.439,0.003
6048.70590,14.438,0.003
6048.71849,14.441,0.003
6048.73243,14.437,0.003
6048.75809,14.438,0.003
6048.77066,14.442,0.003
6048.79348,14.439,0.003
6048.80727,14.436,0.003
6048.82082,14.442,0.003
6048.83777,14.443,0.003
6048.85043,14.438,0.003
6048.86477,14.442,0.003
6048.88122,14.441,0.003
6048.89641,14.439,0.003
6048.90954,14.442,0.003
6048.92230,14.437,0.003
6048.93485,14.444,0.003
6049.67472,14.437,0.003
6049.68836,14.435,0.003
6049.70081,14.439,0.003
6049.72762,14.436,0.003
6049.74118,14.436,0.003
6049.75445,14.436,0.003
6049.77815,14.440,0.003
6049.80032,14.443,0.003
6049.81305,14.444,0.003
6049.82644,14.443,0.003
6049.83923,14.442,0.003
6049.85369,14.434,0.003
6049.86918,14.436,0.003
6049.88200,14.433,0.003
6049.89486,14.443,0.003
6049.90783,14.434,0.003
6049.92123,14.440,0.003
6049.93399,14.433,0.003
6050.65601,14.435,0.003
6050.66456,14.433,0.003
6050.67719,14.441,0.003
6050.69013,14.436,0.003
6050.70286,14.437,0.003
6050.71642,14.445,0.003
6050.72923,14.443,0.003
6050.76316,14.438,0.003
6050.78610,14.437,0.003
6050.79961,14.439,0.003
6050.81293,14.435,0.003
6050.82637,14.435,0.003
6050.83952,14.438,0.003
6050.85256,14.443,0.003
6050.86553,14.434,0.003
6050.87839,14.437,0.003
6050.89150,14.436,0.003
6050.90422,14.437,0.003
6050.91709,14.440,0.003
6050.93015,14.433,0.003
6051.65271,14.440,0.003
6051.65929,14.436,0.003
6051.67219,14.434,0.003
6051.72308,14.434,0.003
6051.73579,14.440,0.003
6051.74860,14.435,0.003
6051.77102,14.435,0.003
6052.65214,14.440,0.003
6052.66493,14.433,0.003
6052.67758,14.439,0.003
6052.69036,14.442,0.003
6052.70301,14.445,0.003
6052.72552,14.429,0.003
6052.74795,14.432,0.003
6052.76062,14.437,0.003
6052.77371,14.431,0.003
6052.78675,14.435,0.003
6052.79975,14.436,0.003
6052.81278,14.433,0.003
6052.82731,14.435,0.003
6052.84022,14.435,0.003
6052.85377,14.434,0.003
6052.86660,14.435,0.003
6052.87986,14.437,0.003
6052.89255,14.437,0.003
6052.90545,14.438,0.003
6052.91824,14.431,0.003
6052.93107,14.437,0.003
6053.64625,14.446,0.003
6053.65465,14.439,0.003
6053.66764,14.432,0.003
6053.68236,14.439,0.003
6053.69502,14.433,0.003
6053.70770,14.434,0.003
6053.72023,14.439,0.003
6053.73274,14.430,0.003
6053.75515,14.432,0.003
6053.77711,14.438,0.003
6053.79014,14.438,0.003
6053.80307,14.434,0.003
6053.82973,14.440,0.003
6053.84303,14.435,0.003
6053.85846,14.439,0.003
6053.87273,14.439,0.003
6053.88679,14.437,0.003
6053.89943,14.435,0.003
6053.91254,14.435,0.003
6053.92585,14.435,0.003
6054.86261,14.437,0.003
6054.87441,14.435,0.003
6054.88422,14.425,0.003
6054.89578,14.433,0.003
6054.90581,14.429,0.003
6054.92099,14.436,0.003
6055.93057,14.434,0.003
6057.87981,14.433,0.003
6057.92704,14.437,0.003
6058.66866,14.441,0.003
6058.68426,14.443,0.003
6058.69804,14.441,0.003
6058.71084,14.441,0.003
6058.72549,14.438,0.003
6058.73796,14.445,0.003
6058.75061,14.435,0.003
6058.76317,14.433,0.003
6058.77781,14.437,0.003
6058.79471,14.436,0.003
6058.81233,14.434,0.003
6058.82767,14.441,0.003
6058.84122,14.438,0.003
6058.85589,14.429,0.003
6058.86860,14.435,0.003
6058.88301,14.437,0.003
6058.89558,14.436,0.003
6058.90855,14.437,0.003
6058.92146,14.434,0.003
6058.93553,14.432,0.003
6059.65744,14.443,0.003
6059.67773,14.444,0.003
6059.69030,14.441,0.003
6059.70366,14.438,0.003
6059.71614,14.441,0.003
6059.72899,14.442,0.003
6059.74166,14.441,0.003
6059.75438,14.437,0.003
6059.76737,14.436,0.003
6059.78052,14.441,0.003
6059.80377,14.437,0.003
6059.82739,14.435,0.003
6059.84050,14.436,0.003
6059.85354,14.437,0.003
6059.86633,14.440,0.003
6059.87956,14.440,0.003
6059.89249,14.439,0.003
6059.90525,14.441,0.003
6059.91843,14.433,0.003
6059.93157,14.434,0.003
6060.71886,14.436,0.003
6060.78778,14.434,0.003
6060.80447,14.433,0.003
6060.82770,14.437,0.003
6061.66679,14.444,0.003
6061.67989,14.440,0.003
6061.69289,14.445,0.003
6061.70573,14.432,0.003
6061.71862,14.438,0.003
6061.73172,14.439,0.003
6061.75535,14.440,0.003
6061.77820,14.440,0.003
6061.79262,14.435,0.003
6061.80632,14.439,0.003
6061.81999,14.435,0.003
6061.83268,14.433,0.003
6061.84523,14.432,0.003
6061.85798,14.438,0.003
6061.87056,14.434,0.003
6061.88349,14.434,0.003
6061.89636,14.436,0.003
6061.90935,14.434,0.003
6061.92202,14.435,0.003
6061.93516,14.439,0.003
6062.64880,14.438,0.003
6062.65983,14.443,0.003
6062.67455,14.439,0.003
6062.68925,14.437,0.003
6062.70236,14.442,0.003
6062.71568,14.438,0.003
6062.72873,14.442,0.003
6062.74170,14.434,0.003
6062.75454,14.438,0.003
6062.76724,14.436,0.003
6062.79131,14.434,0.003
6062.81518,14.434,0.003
6062.82942,14.436,0.003
6062.84250,14.438,0.003
6062.85540,14.431,0.003
6062.86811,14.436,0.003
6062.88081,14.432,0.003
6062.89345,14.434,0.003
6062.90612,14.432,0.003
6062.91877,14.441,0.003
6062.93129,14.435,0.003
6063.73295,14.445,0.003
6063.76989,14.444,0.003
6063.78370,14.440,0.003
6063.79800,14.436,0.003
6063.81142,14.441,0.003
6063.82424,14.436,0.003
6063.83718,14.436,0.003
6063.85998,14.444,0.003
6063.87298,14.438,0.003
6063.89492,14.432,0.003
6063.90749,14.435,0.003
6063.92014,14.429,0.003
6063.93347,14.435,0.003
6064.65811,14.440,0.003
6064.70317,14.433,0.003
6064.70860,14.438,0.003
6064.72138,14.438,0.003
6064.73427,14.435,0.003
6064.74709,14.440,0.003
6064.76985,14.435,0.003
6064.79565,14.444,0.003
6064.81136,14.437,0.003
6064.82424,14.439,0.003
6064.83769,14.433,0.003
6064.85114,14.441,0.003
6064.86420,14.443,0.003
6064.88019,14.435,0.003
6064.89287,14.442,0.003
6064.90620,14.439,0.003
6064.91867,14.441,0.003
6064.93136,14.443,0.003
6065.61413,14.447,0.003
6065.62913,14.442,0.003
6065.64183,14.445,0.003
6065.65441,14.447,0.003
6065.66730,14.444,0.003
6065.68029,14.437,0.003
6065.69300,14.438,0.003
6065.70577,14.436,0.003
6065.72824,14.435,0.003
6065.74105,14.439,0.003
6065.76653,14.441,0.003
6065.77951,14.437,0.003
6065.79457,14.438,0.003
6065.80775,14.438,0.003
6065.82071,14.434,0.003
6065.83392,14.434,0.003
6065.84693,14.437,0.003
6066.60463,14.437,0.003
6066.61906,14.439,0.003
6066.63159,14.439,0.003
6066.64414,14.435,0.003
6066.65685,14.441,0.003
6066.66954,14.438,0.003
6066.68226,14.436,0.003
6066.69494,14.435,0.003
6066.70755,14.432,0.003
6066.72031,14.439,0.003
6066.74503,14.444,0.003
6066.75794,14.439,0.003
6066.78480,14.436,0.003
6066.79874,14.436,0.003
6066.81194,14.437,0.003
6066.82490,14.435,0.003
6066.83990,14.441,0.003
6066.85263,14.439,0.003
6066.86728,14.444,0.003
6066.88025,14.435,0.003
6066.89282,14.433,0.003
6066.90557,14.434,0.003
6066.91846,14.437,0.003
6066.93099,14.440,0.003
6066.94363,14.432,0.003
6067.59002,14.440,0.003
6067.60474,14.442,0.003
6067.61740,14.440,0.003
6067.62997,14.437,0.003
6067.64514,14.436,0.003
6067.65799,14.441,0.003
6067.67079,14.438,0.003
6067.68335,14.436,0.003
6067.69608,14.437,0.003
6067.70913,14.433,0.003
6067.72184,14.434,0.003
6067.74501,14.436,0.003
6067.75810,14.437,0.003
6067.77165,14.438,0.003
6067.79631,14.438,0.003
6067.80941,14.440,0.003
6067.82246,14.437,0.003
6067.83519,14.434,0.003
6067.84879,14.439,0.003
6067.86139,14.438,0.003
6067.87406,14.437,0.003
6067.88664,14.433,0.003
6067.89939,14.434,0.003
6067.91189,14.441,0.003
6067.92449,14.432,0.003
6067.93713,14.434,0.003
6068.60454,14.434,0.003
6068.62620,14.434,0.003
6068.64071,14.442,0.003
6068.66121,14.433,0.003
6068.67684,14.436,0.003
6068.69398,14.437,0.003
6068.70795,14.431,0.003
6068.72370,14.438,0.003
6068.73816,14.440,0.003
6068.75949,14.436,0.003
6068.78042,14.436,0.003
6068.82160,14.438,0.003
6068.83581,14.438,0.003
6068.85011,14.440,0.003
6068.86453,14.435,0.003
6068.88059,14.437,0.003
6068.89484,14.436,0.003
6068.91062,14.438,0.003
6068.92459,14.437,0.003
6069.59841,14.448,0.003
6069.61282,14.442,0.003
6069.62764,14.440,0.003
6069.65892,14.439,0.003
6069.67137,14.440,0.003
6069.68404,14.441,0.003
6069.69881,14.433,0.003
6069.71311,14.439,0.003
6069.72584,14.437,0.003
6069.73830,14.440,0.003
6069.76317,14.434,0.003
6069.77821,14.432,0.003
6069.80548,14.436,0.003
6069.81837,14.442,0.003
6069.83442,14.435,0.003
6069.84717,14.431,0.003
6069.86230,14.437,0.003
6069.87502,14.435,0.003
6069.88772,14.432,0.003
6069.90049,14.430,0.003
6069.91328,14.435,0.003
6069.92584,14.435,0.003
6069.93864,14.441,0.003
6070.58222,14.437,0.003
6070.59520,14.438,0.003
6070.60806,14.445,0.003
6070.62080,14.443,0.003
6070.63346,14.445,0.003
6070.64615,14.437,0.003
6070.65890,14.445,0.003
6070.67328,14.437,0.003
6070.68600,14.440,0.003
6070.69878,14.435,0.003
6070.71163,14.436,0.003
6070.72422,14.437,0.003
6070.73673,14.438,0.003
6070.75996,14.435,0.003
6070.77302,14.442,0.003
6070.79725,14.441,0.003
6070.81026,14.439,0.003
6070.82307,14.439,0.003
6070.83551,14.435,0.003
6070.85007,14.439,0.003
6070.86294,14.437,0.003
6070.87566,14.437,0.003
6070.88868,14.439,0.003
6070.90143,14.435,0.003
6070.91511,14.436,0.003
6070.92779,14.441,0.003
6070.94062,14.437,0.003
6071.58102,14.446,0.003
6071.59544,14.441,0.003
6071.60806,14.440,0.003
6071.62079,14.437,0.003
6071.64727,14.439,0.003
6071.66176,14.436,0.003
6071.67434,14.431,0.003
6071.68691,14.443,0.003
6071.69947,14.437,0.003
6071.71300,14.435,0.003
6071.72563,14.439,0.003
6071.74729,14.437,0.003
6071.76091,14.437,0.003
6071.78899,14.434,0.003
6071.80184,14.441,0.003
6071.81466,14.440,0.003
6071.82880,14.437,0.003
6071.84133,14.436,0.003
6071.85400,14.441,0.003
6071.86692,14.434,0.003
6071.87954,14.443,0.003
6071.89236,14.439,0.003
6071.90490,14.440,0.003
6071.91729,14.447,0.003
6071.92985,14.447,0.003
6071.94220,14.436,0.003
6072.61639,14.440,0.003
6075.59087,14.438,0.003
6075.60507,14.433,0.003
6075.61765,14.435,0.003
6075.63023,14.445,0.003
6075.64319,14.434,0.003
6075.65607,14.440,0.003
6075.66870,14.436,0.003
6075.68148,14.444,0.003
6075.69750,14.432,0.003
6075.71015,14.436,0.003
6075.73226,14.433,0.003
6075.75071,14.431,0.003
6075.77432,14.435,0.003
6075.78697,14.435,0.003
6075.80002,14.432,0.003
6075.81280,14.438,0.003
6075.82658,14.436,0.003
6075.83923,14.435,0.003
6075.85189,14.434,0.003
6075.87104,14.438,0.003
6076.56940,14.412,0.003
6076.58212,14.442,0.003
6076.59468,14.438,0.003
6076.60756,14.445,0.003
6076.62035,14.438,0.003
6076.63628,14.427,0.003
6076.64922,14.445,0.003
6076.67055,14.434,0.003
6076.68308,14.435,0.003
6076.69585,14.437,0.003
6076.71765,14.436,0.003
6076.73030,14.437,0.003
6076.75295,14.435,0.003
6076.76626,14.434,0.003
6076.77918,14.437,0.003
6076.79235,14.436,0.003
6076.80530,14.435,0.003
6076.81804,14.439,0.003
6076.83080,14.435,0.003
6076.84747,14.445,0.003
6076.86592,14.436,0.003
6076.86737,14.444,0.003
6076.88016,14.441,0.003
6076.89393,14.437,0.003
6076.91306,14.445,0.003
6076.92573,14.447,0.003
6076.93813,14.444,0.003
6077.68222,14.432,0.003
6077.70662,14.436,0.003
6077.72127,14.432,0.003
6077.75433,14.443,0.003
6077.76897,14.442,0.003
6077.78784,14.437,0.003
6077.79205,14.438,0.003
6077.81329,14.442,0.003
6077.82678,14.437,0.003
6077.83954,14.434,0.003
6077.85432,14.434,0.003
6077.86697,14.435,0.003
6077.88312,14.440,0.003
6077.89565,14.436,0.003
6077.90840,14.439,0.003
6077.92100,14.435,0.003
6077.93431,14.435,0.003
6078.59109,14.444,0.003
6078.60385,14.433,0.003
6078.61620,14.438,0.003
6078.62871,14.439,0.003
6078.64163,14.435,0.003
6078.65433,14.436,0.003
6078.66722,14.432,0.003
6078.68003,14.436,0.003
6078.69281,14.429,0.003
6078.71488,14.434,0.003
6078.73013,14.434,0.003
6078.75560,14.433,0.003
6078.76969,14.439,0.003
6078.78410,14.432,0.003
6078.79675,14.433,0.003
6078.80966,14.437,0.003
6078.82232,14.434,0.003
6078.83493,14.437,0.003
6078.84993,14.439,0.003
6078.86565,14.441,0.003
6078.87909,14.435,0.003
6078.89187,14.438,0.003
6078.90460,14.444,0.003
6078.91863,14.434,0.003
6079.55480,14.435,0.003
6079.56732,14.434,0.003
6079.57992,14.438,0.003
6079.59406,14.441,0.003
6079.60664,14.441,0.003
6079.61916,14.431,0.003
6079.63179,14.433,0.003
6079.64450,14.442,0.003
6079.65715,14.441,0.003
6079.66993,14.438,0.003
6079.69043,14.438,0.003
6079.71054,14.430,0.003
6079.73251,14.435,0.003
6079.75606,14.434,0.003
6079.77078,14.440,0.003
6079.78399,14.439,0.003
6079.79725,14.437,0.003
6079.80992,14.431,0.003
6079.82640,14.435,0.003
6079.83513,14.436,0.003
6079.84799,14.434,0.003
6079.86059,14.444,0.003
6079.87319,14.440,0.003
6079.88580,14.438,0.003
6079.90044,14.438,0.003
6079.91297,14.434,0.003
6079.92558,14.434,0.003
6079.93871,14.437,0.003
6080.56427,14.439,0.003
6080.57695,14.443,0.003
6080.58960,14.435,0.003
6080.60223,14.445,0.003
6080.61498,14.437,0.003
6080.62777,14.444,0.003
6080.64049,14.440,0.003
6080.65319,14.430,0.003
6080.67075,14.432,0.003
6080.68458,14.437,0.003
6080.70140,14.434,0.003
6080.71611,14.437,0.003
6080.72891,14.438,0.003
6080.74279,14.436,0.003
6080.75617,14.437,0.003
6080.76952,14.431,0.003
6080.78248,14.436,0.003
6080.79547,14.440,0.003
6080.81782,14.437,0.003
6080.83076,14.435,0.003
6080.85280,14.440,0.003
6080.86556,14.439,0.003
6080.87827,14.439,0.003
6080.89372,14.440,0.003
6080.91034,14.442,0.003
6080.92302,14.433,0.003
6080.93551,14.440,0.003
6080.94802,14.442,0.003
6081.55954,14.446,0.003
6081.57418,14.443,0.003
6081.58689,14.434,0.003
6081.59935,14.435,0.003
6081.61198,14.440,0.003
6081.62465,14.435,0.003
6081.63881,14.439,0.003
6081.65286,14.434,0.003
6081.66571,14.432,0.003
6081.67819,14.429,0.003
6081.69831,14.433,0.003
6081.71109,14.435,0.003
6081.72372,14.438,0.003
6081.73671,14.439,0.003
6081.74940,14.434,0.003
6081.77271,14.435,0.003
6081.78531,14.441,0.003
6081.80510,14.433,0.003
6081.82110,14.435,0.003
6081.83407,14.435,0.003
6081.84839,14.439,0.003
6081.86127,14.435,0.003
6081.87418,14.438,0.003
6081.88701,14.431,0.003
6081.90913,14.442,0.003
6081.92233,14.445,0.003
6081.93500,14.445,0.003
6081.94728,14.437,0.003
6082.59301,14.438,0.003
6082.60597,14.441,0.003
6082.61868,14.440,0.003
6082.63174,14.433,0.003
6082.64467,14.443,0.003
6082.65779,14.436,0.003
6082.67136,14.436,0.003
6082.69576,14.437,0.003
6082.70853,14.427,0.003
6082.72150,14.440,0.003
6082.73297,14.442,0.003
6082.77983,14.444,0.003
6082.79883,14.438,0.003
6082.81037,14.437,0.003
6082.82422,14.436,0.003
6082.83691,14.435,0.003
6082.84829,14.448,0.003
6082.86121,14.444,0.003
6082.87388,14.441,0.003
6082.88995,14.443,0.003
6082.90587,14.445,0.003
6085.55538,14.439,0.003
6085.56921,14.437,0.003
6085.58195,14.442,0.003
6085.59484,14.437,0.003
6085.62075,14.436,0.003
6085.63189,14.427,0.003
6085.64451,14.433,0.003
6085.65710,14.433,0.003
6085.66813,14.430,0.003
6085.67934,14.434,0.003
6085.69052,14.439,0.003
6085.70521,14.433,0.003
6085.72816,14.439,0.003
6085.74117,14.434,0.003
6085.75500,14.437,0.003
6085.76831,14.437,0.003
6085.78109,14.432,0.003
6085.79376,14.438,0.003
6085.80671,14.432,0.003
6085.81995,14.432,0.003
6085.83262,14.436,0.003
6085.84545,14.440,0.003
6085.85971,14.439,0.003
6085.87243,14.436,0.003
6085.88507,14.439,0.003
6085.89636,14.439,0.003
6085.91278,14.438,0.003
6085.92535,14.439,0.003
6085.93720,14.446,0.003
6086.55337,14.448,0.003
6086.56688,14.439,0.003
6086.58171,14.439,0.003
6086.59424,14.439,0.003
6086.60729,14.445,0.003
6086.62001,14.435,0.003
6086.63672,14.433,0.003
6086.65039,14.430,0.003
6086.66304,14.435,0.003
6086.67671,14.442,0.003
6086.68936,14.433,0.003
6086.71193,14.435,0.003
6086.72631,14.436,0.003
6086.75249,14.434,0.003
6086.76538,14.433,0.003
6086.77810,14.438,0.003
6086.79079,14.432,0.003
6086.80525,14.436,0.003
6086.81895,14.435,0.003
6086.83558,14.439,0.003
6086.85379,14.435,0.003
6086.86786,14.438,0.003
6086.88043,14.438,0.003
6086.89523,14.440,0.003
6086.91040,14.434,0.003
6086.92405,14.440,0.003
6087.54302,14.444,0.003
6087.55324,14.435,0.003
6087.58636,14.432,0.003
6087.59900,14.436,0.003
6087.61151,14.438,0.003
6087.72334,14.438,0.003
6087.74195,14.434,0.003
6087.76686,14.434,0.003
6087.77971,14.440,0.003
6087.80375,14.432,0.003
6087.81734,14.428,0.003
6087.83074,14.433,0.003
6087.84341,14.437,0.003
6087.85775,14.428,0.003
6088.55624,14.464,0.003
6088.57125,14.458,0.003
6088.58382,14.454,0.003
6088.59641,14.453,0.003
6088.60893,14.435,0.003
6088.62211,14.435,0.003
6088.63479,14.437,0.003
6088.64738,14.431,0.003
6088.66000,14.432,0.003
6088.67257,14.440,0.003
6088.68548,14.436,0.003
6089.62599,14.437,0.003
6089.63867,14.445,0.003
6089.65168,14.439,0.003
6089.66508,14.441,0.003
6089.67746,14.437,0.003
6089.68998,14.439,0.003
6089.72463,14.439,0.003
6089.73832,14.434,0.003
6089.76056,14.431,0.003
6089.77407,14.438,0.003
6089.78894,14.432,0.003
6089.80160,14.440,0.003
6089.81428,14.441,0.003
6089.85006,14.437,0.003
6089.86300,14.438,0.003
6089.91321,14.445,0.003
6089.92513,14.443,0.003
6092.56960,14.437,0.003
6092.58218,14.439,0.003
6092.59477,14.436,0.003
6092.60765,14.442,0.003
6092.62022,14.428,0.003
6092.63286,14.443,0.003
6092.64546,14.437,0.003
6092.66059,14.433,0.003
6092.67319,14.437,0.003
6092.76518,14.433,0.003
6092.77837,14.435,0.003
6092.80265,14.440,0.003
6092.84082,14.435,0.003
6092.85847,14.436,0.003
6092.87219,14.431,0.003
6092.89244,14.439,0.003
6092.90527,14.438,0.003
6093.54755,14.448,0.003
6093.56003,14.454,0.003
6093.57531,14.461,0.003
6093.58912,14.457,0.003
6093.60184,14.457,0.003
6093.61464,14.455,0.003
6093.62719,14.454,0.003
6093.63970,14.459,0.003
6093.65249,14.457,0.003
6093.66516,14.457,0.003
6093.68767,14.437,0.003
6093.70026,14.438,0.003
6093.72564,14.439,0.003
6093.76259,14.435,0.003
6093.77518,14.439,0.003
6093.78762,14.443,0.003
6093.80030,14.439,0.003
6093.81484,14.444,0.003
6093.82762,14.434,0.003
6093.84008,14.441,0.003
6093.85363,14.440,0.003
6093.86617,14.437,0.003
6093.88473,14.441,0.003
6094.54971,14.443,0.003
6094.57451,14.446,0.003
6094.59495,14.448,0.003
6094.61348,14.436,0.003
6094.62603,14.440,0.003
6094.63860,14.440,0.003
6094.65111,14.441,0.003
6094.66362,14.433,0.003
6094.67610,14.438,0.003
6094.68890,14.441,0.003
6094.71215,14.432,0.003
6094.72592,14.438,0.003
6094.74810,14.444,0.003
6094.76050,14.441,0.003
6094.77312,14.438,0.003
6094.78565,14.439,0.003
6094.79885,14.436,0.003
6094.81215,14.440,0.003
6094.82568,14.437,0.003
6094.83846,14.438,0.003
6094.85140,14.443,0.003
6094.86420,14.435,0.003
6094.88842,14.441,0.003
6094.90136,14.432,0.003
6094.91288,14.436,0.003
6096.57162,14.439,0.003
6096.58648,14.438,0.003
6096.59984,14.440,0.003
6096.61294,14.437,0.003
6096.62935,14.442,0.003
6096.64545,14.438,0.003
6096.65810,14.440,0.003
6096.67139,14.442,0.003
6096.68478,14.437,0.003
6096.71991,14.444,0.003
6096.73270,14.442,0.003
6096.74673,14.442,0.003
6096.75939,14.440,0.003
6096.77196,14.442,0.003
6096.78461,14.436,0.003
6096.79872,14.442,0.003
6096.81126,14.435,0.003
6096.82623,14.441,0.003
6096.83960,14.438,0.003
6096.85210,14.435,0.003
6096.86680,14.435,0.003
6096.88172,14.436,0.003
6096.89455,14.440,0.003
6096.90460,14.440,0.003
6097.66225,14.440,0.003
6097.67506,14.443,0.003
6097.70829,14.442,0.003
6097.72552,14.441,0.003
6097.74775,14.443,0.003
6097.76134,14.439,0.003
6097.77385,14.437,0.003
6097.78647,14.441,0.003
6097.79919,14.438,0.003
6097.81167,14.436,0.003
6097.82412,14.437,0.003
6097.83672,14.439,0.003
6097.84929,14.435,0.003
6097.86377,14.438,0.003
6097.87715,14.437,0.003
6097.88969,14.439,0.003
6097.90245,14.439,0.003
6098.54581,14.442,0.003
6098.55830,14.436,0.003
6098.57794,14.442,0.003
6098.59458,14.446,0.003
6098.60708,14.438,0.003
6098.61965,14.448,0.003
6098.63212,14.456,0.003
6098.64473,14.459,0.003
6098.65726,14.460,0.003
6098.67053,14.464,0.003
6098.68319,14.459,0.003
6098.70863,14.456,0.003
6098.73359,14.457,0.003
6098.74623,14.452,0.003
6098.75890,14.442,0.003
6098.77173,14.441,0.003
6098.78662,14.440,0.003
6098.79942,14.442,0.003
6098.81227,14.438,0.003
6098.82546,14.446,0.003
6098.83816,14.441,0.003
6098.85087,14.440,0.003
6098.86349,14.443,0.003
6098.87608,14.442,0.003
6098.88912,14.441,0.003
6098.89883,14.443,0.003
6099.62520,14.438,0.003
6099.63772,14.441,0.003
6099.71073,14.445,0.003
6099.72332,14.438,0.003
6099.74861,14.442,0.003
6099.77748,14.444,0.003
6099.83484,14.438,0.003
6100.51249,14.440,0.003
6100.52536,14.435,0.003
6100.53789,14.440,0.003
6100.56843,14.439,0.003
6100.58101,14.443,0.003
6100.59598,14.451,0.003
6100.60837,14.438,0.003
6100.62089,14.440,0.003
6100.63332,14.439,0.003
6100.64601,14.441,0.003
6100.66802,14.440,0.003
6100.68145,14.436,0.003
6100.70598,14.438,0.003
6100.71940,14.433,0.003
6100.73249,14.436,0.003
6100.74524,14.435,0.003
6100.75779,14.435,0.003
6100.77036,14.432,0.003
6100.78301,14.439,0.003
6100.80550,14.436,0.003
6100.81869,14.434,0.003
6100.83345,14.444,0.003
6100.84617,14.435,0.003
6100.85863,14.430,0.003
6100.87116,14.433,0.003
6100.88632,14.442,0.003
6100.89822,14.447,0.003
6101.50943,14.435,0.003
6101.52211,14.435,0.003
6101.53478,14.442,0.003
6101.54748,14.436,0.003
6101.56007,14.442,0.003
6101.57257,14.442,0.003
6101.58505,14.439,0.003
6101.59762,14.438,0.003
6101.61061,14.438,0.003
6101.62318,14.440,0.003
6101.63595,14.438,0.003
6101.65016,14.440,0.003
6101.66282,14.435,0.003
6101.67573,14.435,0.003
6101.70244,14.442,0.003
6101.72457,14.434,0.003
6101.73764,14.435,0.003
6101.75027,14.434,0.003
6101.76353,14.439,0.003
6101.77643,14.439,0.003
6101.78900,14.435,0.003
6101.80251,14.438,0.003
6101.81971,14.435,0.003
6101.83290,14.432,0.003
6101.85005,14.433,0.003
6101.86266,14.439,0.003
6102.50556,14.440,0.003
6102.51038,14.447,0.003
6102.52445,14.444,0.003
6102.53691,14.437,0.003
6102.54935,14.435,0.003
6102.56186,14.436,0.003
6102.58482,14.443,0.003
6102.59776,14.435,0.003
6102.61938,14.441,0.003
6102.63251,14.435,0.003
6102.64501,14.436,0.003
6102.65875,14.432,0.003
6102.67150,14.431,0.003
6102.68456,14.436,0.003
6102.69929,14.435,0.003
6102.71203,14.439,0.003
6102.72465,14.442,0.003
6102.73746,14.437,0.003
6102.74998,14.429,0.003
6102.76356,14.437,0.003
6102.77625,14.430,0.003
6102.79009,14.436,0.003
6102.80338,14.433,0.003
6102.81679,14.437,0.003
6102.83055,14.436,0.003
6102.84329,14.435,0.003
6102.85698,14.432,0.003
6102.87415,14.437,0.003
6102.88229,14.437,0.003
6103.49374,14.433,0.003
6103.50157,14.439,0.003
6103.51393,14.440,0.003
6103.52713,14.433,0.003
6103.54085,14.432,0.003
6103.55326,14.439,0.003
6103.56724,14.438,0.003
6103.58044,14.427,0.003
6103.59293,14.437,0.003
6103.60734,14.437,0.003
6103.63114,14.432,0.003
6103.64380,14.437,0.003
6103.66573,14.439,0.003
6103.67827,14.439,0.003
6103.69280,14.436,0.003
6103.70608,14.449,0.003
6103.71896,14.450,0.003
6103.73368,14.451,0.003
6103.74625,14.452,0.003
6103.75881,14.455,0.003
6103.77919,14.460,0.003
6103.79913,14.457,0.003
6103.81238,14.454,0.003
6103.82827,14.445,0.003
6103.84735,14.442,0.003
6104.49895,14.437,0.003
6104.50518,14.437,0.003
6104.51532,14.438,0.003
6104.52778,14.430,0.003
6104.54073,14.443,0.003
6104.55320,14.436,0.003
6104.56582,14.439,0.003
6104.57829,14.440,0.003
6104.59080,14.437,0.003
6104.61443,14.438,0.003
6104.62684,14.434,0.003
6104.65018,14.441,0.003
6104.66361,14.432,0.003
6104.67632,14.435,0.003
6104.69048,14.432,0.003
6104.70363,14.436,0.003
6104.71835,14.438,0.003
6104.73087,14.435,0.003
6104.74477,14.436,0.003
6104.75713,14.437,0.003
6104.76950,14.439,0.003
6104.78427,14.439,0.003
6104.79676,14.435,0.003
6104.81081,14.432,0.003
6104.83031,14.438,0.003
6104.84279,14.442,0.003
6104.85518,14.440,0.003
6104.87548,14.446,0.003
6105.49918,14.436,0.003
6105.50375,14.435,0.003
6105.51148,14.441,0.003
6105.52413,14.441,0.003
6105.53678,14.435,0.003
6105.54940,14.440,0.003
6105.56178,14.441,0.003
6105.57709,14.428,0.003
6105.59773,14.443,0.003
6105.61989,14.439,0.003
6105.64660,14.440,0.003
6105.66120,14.439,0.003
6105.67491,14.435,0.003
6105.68875,14.443,0.003
6105.70151,14.444,0.003
6105.71391,14.439,0.003
6105.72840,14.441,0.003
6105.74112,14.440,0.003
6105.75375,14.438,0.003
6105.76807,14.434,0.003
6106.54593,14.437,0.003
6106.61973,14.439,0.003
6106.63238,14.450,0.003
6106.64498,14.438,0.003
6106.68813,14.443,0.003
6106.77651,14.437,0.003
6108.50204,14.444,0.003
6108.51447,14.432,0.003
6108.52693,14.437,0.003
6108.53941,14.439,0.003
6108.55320,14.438,0.003
6108.56580,14.435,0.003
6108.57844,14.431,0.003
6108.60300,14.433,0.003
6108.61844,14.438,0.003
6108.63196,14.433,0.003
6108.64462,14.430,0.003
6108.66945,14.437,0.003
6108.68523,14.435,0.003
6108.69960,14.440,0.003
6108.71207,14.438,0.003
6108.72477,14.437,0.003
6108.73746,14.436,0.003
6108.75163,14.432,0.003
6108.76426,14.436,0.003
6108.77800,14.443,0.003
6108.79049,14.453,0.003
6108.80743,14.453,0.003
6108.81999,14.455,0.003
6108.83241,14.462,0.003
6108.84500,14.460,0.003
6108.86189,14.458,0.003
6108.87208,14.456,0.003
6109.55100,14.445,0.003
6109.56599,14.435,0.003
6109.60810,14.434,0.003
6109.62593,14.431,0.003
6109.66075,14.435,0.003
6109.67746,14.436,0.003
6109.68983,14.441,0.003
6109.70073,14.432,0.003
6109.71385,14.431,0.003
6109.72646,14.438,0.003
6109.73805,14.432,0.003
6109.75171,14.430,0.003
6109.76414,14.440,0.003
6109.78162,14.437,0.003
6109.79456,14.432,0.003
6109.80736,14.437,0.003
6109.81850,14.432,0.003
6109.83412,14.438,0.003
6109.84716,14.440,0.003
6109.85864,14.438,0.003
6109.87253,14.447,0.003
6113.53244,14.442,0.003
6113.54502,14.435,0.003
6113.56206,14.443,0.003
6113.57473,14.435,0.003
6113.58737,14.437,0.003
6113.59999,14.437,0.003
6113.61237,14.432,0.003
6113.62520,14.436,0.003
6113.63820,14.436,0.003
6113.65354,14.432,0.003
6113.66722,14.434,0.003
6113.68063,14.432,0.003
6113.69430,14.437,0.003
6113.70707,14.429,0.003
6113.71966,14.429,0.003
6113.73322,14.439,0.003
6113.74567,14.433,0.003
6113.75810,14.433,0.003
6113.77098,14.435,0.003
6113.78341,14.436,0.003
6113.79585,14.434,0.003
6113.80882,14.433,0.003
6113.82241,14.434,0.003
6113.83653,14.434,0.003
6113.84745,14.443,0.003
6113.86455,14.460,0.003
6114.55750,14.435,0.003
6114.57054,14.437,0.003
6114.58303,14.433,0.003
6114.59551,14.430,0.003
6114.60817,14.437,0.003
6114.61905,14.437,0.003
6114.63251,14.428,0.003
6114.64681,14.436,0.003
6114.66845,14.432,0.003
6114.68189,14.436,0.003
6114.70424,14.431,0.003
6114.71685,14.432,0.003
6114.72937,14.434,0.003
6114.74210,14.436,0.003
6114.75446,14.434,0.003
6114.76710,14.435,0.003
6114.78046,14.434,0.003
6114.79350,14.433,0.003
6114.80601,14.440,0.003
6114.81863,14.438,0.003
6114.83502,14.427,0.003
6114.84746,14.435,0.003
6114.85857,14.440,0.003
6115.48025,14.435,0.003
6115.49351,14.433,0.003
6115.50700,14.438,0.003
6115.51948,14.435,0.003
6115.53190,14.437,0.003
6115.54443,14.431,0.003
6115.55678,14.434,0.003
6115.56955,14.435,0.003
6115.59445,14.440,0.003
6115.60700,14.436,0.003
6115.62928,14.441,0.003
6115.64252,14.437,0.003
6115.66354,14.436,0.003
6115.68208,14.436,0.003
6115.69472,14.436,0.003
6115.70742,14.441,0.003
6115.74723,14.439,0.003
6115.76007,14.432,0.003
6115.77261,14.441,0.003
6115.79926,14.437,0.003
6115.81218,14.438,0.003
6116.47838,14.436,0.003
6116.49105,14.438,0.003
6116.51342,14.437,0.003
6116.51995,14.433,0.003
6116.53248,14.434,0.003
6116.54752,14.438,0.003
6116.56003,14.435,0.003
6116.57339,14.432,0.003
6116.58637,14.436,0.003
6116.60818,14.431,0.003
6116.62064,14.436,0.003
6116.64292,14.435,0.003
6116.65637,14.439,0.003
6116.66974,14.431,0.003
6116.68234,14.429,0.003
6116.69481,14.431,0.003
6116.71131,14.433,0.003
6116.72792,14.439,0.003
6116.74207,14.435,0.003
6116.75440,14.437,0.003
6116.76696,14.437,0.003
6116.78081,14.436,0.003
6116.79394,14.436,0.003
6116.81000,14.437,0.003
6116.82433,14.430,0.003
6116.83532,14.437,0.003
6117.48753,14.439,0.003
6117.50031,14.438,0.003
6117.51270,14.436,0.003
6117.52521,14.435,0.003
6117.53774,14.434,0.003
6117.55027,14.439,0.003
6117.56267,14.435,0.003
6117.57507,14.440,0.003
6117.58874,14.438,0.003
6117.61256,14.434,0.003
6117.62693,14.438,0.003
6117.65081,14.436,0.003
6117.66422,14.435,0.003
6117.67771,14.435,0.003
6117.69057,14.432,0.003
6117.70311,14.436,0.003
6117.71662,14.439,0.003
6117.72905,14.436,0.003
6117.74271,14.443,0.003
6117.75577,14.437,0.003
6117.76825,14.438,0.003
6117.78083,14.435,0.003
6117.79327,14.436,0.003
6117.80581,14.440,0.003
6117.81844,14.435,0.003
6117.83583,14.438,0.003
6117.84682,14.437,0.003
6118.48139,14.437,0.003
6118.49034,14.439,0.003
6118.50296,14.439,0.003
6118.51552,14.434,0.003
6118.52860,14.440,0.003
6118.54194,14.434,0.003
6118.55447,14.440,0.003
6118.56887,14.440,0.003
6118.58163,14.435,0.003
6118.59511,14.439,0.003
6118.61921,14.439,0.003
6118.63626,14.436,0.003
6118.66133,14.432,0.003
6118.67482,14.434,0.003
6118.69151,14.438,0.003
6118.70411,14.432,0.003
6118.71680,14.431,0.003
6118.73056,14.439,0.003
6118.74311,14.432,0.003
6118.75557,14.433,0.003
6118.76788,14.439,0.003
6118.78049,14.438,0.003
6118.79279,14.441,0.003
6118.80537,14.438,0.003
6118.81793,14.437,0.003
6118.83044,14.436,0.003
6118.84600,14.440,0.003
6119.47859,14.443,0.003
6119.49110,14.440,0.003
6119.50373,14.439,0.003
6119.51780,14.445,0.003
6119.53248,14.438,0.003
6119.54501,14.435,0.003
6119.55800,14.439,0.003
6119.57126,14.440,0.003
6119.59294,14.442,0.003
6119.60531,14.433,0.003
6119.62740,14.438,0.003
6119.64396,14.437,0.003
6119.65733,14.437,0.003
6119.67065,14.439,0.003
6119.68333,14.438,0.003
6119.69610,14.442,0.003
6119.70865,14.434,0.003
6119.72345,14.437,0.003
6119.73583,14.439,0.003
6119.74847,14.443,0.003
6119.76301,14.437,0.003
6119.77542,14.445,0.003
6119.78811,14.439,0.003
6119.80129,14.435,0.003
6119.81741,14.435,0.003
6120.50371,14.440,0.003
6120.51616,14.439,0.003
6120.52889,14.435,0.003
6120.54126,14.442,0.003
6120.55565,14.444,0.003
6120.56870,14.435,0.003
6120.59819,14.434,0.003
6120.62162,14.435,0.003
6120.64766,14.439,0.003
6120.65901,14.431,0.003
6120.67196,14.439,0.003
6120.68571,14.438,0.003
6120.69845,14.441,0.003
6120.71104,14.441,0.003
6120.72530,14.436,0.003
6120.73991,14.437,0.003
6120.75347,14.436,0.003
6120.76607,14.434,0.003
6120.77867,14.430,0.003
6120.79818,14.436,0.003
6120.82042,14.443,0.003
6120.83289,14.443,0.003
6120.83798,14.440,0.003
6121.47367,14.439,0.003
6121.48617,14.434,0.003
6121.49855,14.434,0.003
6121.51103,14.438,0.003
6121.52363,14.441,0.003
6121.53627,14.442,0.003
6121.54880,14.434,0.003
6121.56137,14.437,0.003
6121.57386,14.436,0.003
6121.60104,14.433,0.003
6121.61853,14.440,0.003
6121.64114,14.443,0.003
6121.65382,14.436,0.003
6121.66663,14.431,0.003
6121.67919,14.435,0.003
6121.69241,14.431,0.003
6121.70536,14.437,0.003
6121.71791,14.436,0.003
6121.73079,14.436,0.003
6121.74345,14.435,0.003
6121.75606,14.435,0.003
6121.77046,14.440,0.003
6121.78297,14.432,0.003
6123.50967,14.441,0.003
6123.52214,14.447,0.003
6123.53564,14.440,0.003
6123.54810,14.438,0.003
6123.56058,14.435,0.003
6123.57300,14.435,0.003
6123.59522,14.438,0.003
6123.60786,14.438,0.003
6123.63147,14.433,0.003
6123.64587,14.441,0.003
6123.65876,14.433,0.003
6123.67302,14.434,0.003
6123.68568,14.438,0.003
6123.69841,14.432,0.003
6123.71090,14.438,0.003
6123.72341,14.437,0.003
6123.73663,14.444,0.003
6123.74918,14.438,0.003
6123.76466,14.441,0.003
6123.77716,14.441,0.003
6123.79122,14.436,0.003
6123.80362,14.438,0.003
6123.81961,14.432,0.003
6123.83064,14.436,0.003
6124.48263,14.439,0.003
6124.49664,14.435,0.003
6124.50983,14.446,0.003
6124.52301,14.441,0.003
6124.53634,14.435,0.003
6124.55609,14.430,0.003
6124.58229,14.433,0.003
6124.59735,14.434,0.003
6124.63910,14.435,0.003
6124.65337,14.434,0.003
6124.66732,14.430,0.003
6124.68081,14.442,0.003
6124.69410,14.438,0.003
6124.70707,14.432,0.003
6124.72011,14.437,0.003
6124.73355,14.435,0.003
6124.74767,14.434,0.003
6124.76219,14.437,0.003
6124.77487,14.440,0.003
6124.78796,14.439,0.003
6124.80118,14.441,0.003
6124.81533,14.437,0.003
6124.82782,14.444,0.003
6125.50952,14.444,0.003
6125.52244,14.441,0.003
6125.53703,14.436,0.003
6125.55181,14.432,0.003
6125.56920,14.440,0.003
6125.58699,14.437,0.003
6125.61344,14.441,0.003
6125.63847,14.435,0.003
6125.65425,14.434,0.003
6125.66865,14.430,0.003
6125.68299,14.441,0.003
6125.69689,14.433,0.003
6125.71118,14.437,0.003
6125.72465,14.431,0.003
6125.74093,14.435,0.003
6125.75646,14.440,0.003
6125.77024,14.434,0.003
6125.78279,14.439,0.003
6125.79714,14.432,0.003
6125.81165,14.441,0.003
6125.82502,14.440,0.003
6126.48940,14.432,0.003
6126.50679,14.433,0.003
6126.52255,14.433,0.003
6126.54079,14.434,0.003
6126.55550,14.435,0.003
6126.57196,14.436,0.003
6126.58615,14.435,0.003
6126.60176,14.438,0.003
6126.61777,14.435,0.003
6126.64526,14.432,0.003
6126.67396,14.435,0.003
6126.68767,14.441,0.003
6126.70395,14.435,0.003
6126.71788,14.431,0.003
6126.73254,14.441,0.003
6126.74829,14.441,0.003
6126.76414,14.430,0.003
6126.80034,14.438,0.003
6127.47462,14.439,0.003
6127.48972,14.437,0.003
6127.50275,14.435,0.003
6127.51752,14.434,0.003
6127.53165,14.442,0.003
6127.54481,14.443,0.003
6127.56138,14.440,0.003
6127.61624,14.438,0.003
6127.63254,14.443,0.003
6127.65443,14.442,0.003
6127.71847,14.434,0.003
6127.73555,14.440,0.003
6127.75054,14.438,0.003
6127.78669,14.441,0.003
6128.50993,14.437,0.003
6128.52635,14.436,0.003
6128.53930,14.437,0.003
6128.55265,14.435,0.003
6128.56546,14.433,0.003
6128.57866,14.436,0.003
6128.59646,14.436,0.003
6128.61254,14.434,0.003
6128.62760,14.432,0.003
6128.64238,14.431,0.003
6128.65768,14.434,0.003
6128.67813,14.432,0.003
6128.69829,14.436,0.003
6128.71397,14.426,0.003
6129.56465,14.435,0.003
6130.54746,14.435,0.003
6130.57812,14.434,0.003
6130.67455,14.439,0.003
6130.71329,14.437,0.003
6130.72847,14.437,0.003
6130.73824,14.442,0.003
6131.49828,14.442,0.003
6131.51274,14.442,0.003
6131.52786,14.436,0.003
6131.54537,14.440,0.003
6131.56047,14.434,0.003
6131.58086,14.441,0.003
6131.61047,14.439,0.003
6131.62645,14.430,0.003
6131.64262,14.431,0.003
6131.65690,14.435,0.003
6131.67188,14.438,0.003
6131.68896,14.438,0.003
6131.70847,14.432,0.003
6131.74141,14.437,0.003
6131.76224,14.435,0.003
6131.77562,14.441,0.003
6132.49333,14.434,0.003
6132.53482,14.436,0.003
6132.54760,14.437,0.003
6132.56302,14.432,0.003
6132.61787,14.437,0.003
6132.63343,14.437,0.003
6132.64963,14.437,0.003
6132.66791,14.430,0.003
6132.68119,14.431,0.003
6132.71261,14.432,0.003
6132.73601,14.437,0.003
6132.75564,14.441,0.003
6132.77256,14.434,0.003
6132.78689,14.435,0.003
6133.53152,14.440,0.003
6133.54668,14.442,0.003
6133.56023,14.445,0.003
6133.57725,14.436,0.003
6133.59515,14.434,0.003
6133.61075,14.435,0.003
6133.63352,14.435,0.003
6133.65726,14.435,0.003
6133.67208,14.441,0.003
6133.68523,14.442,0.003
6133.70036,14.442,0.003
6133.71747,14.439,0.003
6133.73451,14.442,0.003
6133.74905,14.438,0.003
6133.76653,14.442,0.003
6133.78127,14.448,0.003
6134.50296,14.437,0.003
6134.51832,14.437,0.003
6134.53429,14.442,0.003
6134.54774,14.442,0.003
6134.56142,14.438,0.003
6134.57463,14.442,0.003
6134.58902,14.440,0.003
6134.60490,14.436,0.003
6134.62806,14.441,0.003
6134.65729,14.438,0.003
6134.67175,14.444,0.003
6134.68562,14.442,0.003
6134.70917,14.436,0.003
6135.48723,14.440,0.003
6135.50220,14.446,0.003
6135.51642,14.436,0.003
6135.53022,14.436,0.003
6135.54391,14.440,0.003
6135.56049,14.439,0.003
6135.58951,14.438,0.003
6135.60423,14.434,0.003
6135.63660,14.442,0.003
6135.65670,14.438,0.003
6135.67117,14.444,0.003
6135.68773,14.443,0.003
6135.70573,14.433,0.003
6135.72371,14.438,0.003
6135.73933,14.444,0.003
6135.75312,14.435,0.003
6135.76568,14.437,0.003
6135.77836,14.441,0.003
6135.79396,14.443,0.003
6135.80715,14.443,0.003
6136.48408,14.434,0.003
6136.49978,14.433,0.003
6136.56621,14.444,0.003
6136.59372,14.436,0.003
6136.60802,14.440,0.003
6136.61989,14.436,0.003
6136.63472,14.444,0.003
6136.66710,14.438,0.003
6136.70226,14.443,0.003
6136.72859,14.437,0.003
6140.47774,14.439,0.003
6140.49035,14.435,0.003
6140.50448,14.438,0.003
6140.51723,14.443,0.003
6140.52979,14.432,0.003
6140.55284,14.433,0.003
6140.56537,14.441,0.003
6140.57907,14.434,0.003
6140.60585,14.437,0.003
6140.61835,14.444,0.003
6140.63108,14.442,0.003
6140.64369,14.439,0.003
6140.65755,14.433,0.003
6140.67028,14.436,0.003
6140.68285,14.442,0.003
6140.69694,14.435,0.003
6140.71342,14.440,0.003
6140.72600,14.446,0.003
6140.73876,14.438,0.003
6140.75319,14.441,0.003
6140.76578,14.444,0.003
6140.77746,14.435,0.003
6141.47799,14.444,0.003
6141.49211,14.439,0.003
6141.50481,14.436,0.003
6141.51719,14.435,0.003
6141.52977,14.437,0.003
6141.54243,14.431,0.003
6141.55523,14.431,0.003
6141.57807,14.438,0.003
6141.59307,14.431,0.003
6141.60568,14.437,0.003
6141.62761,14.436,0.003
6141.64029,14.439,0.003
6141.65283,14.439,0.003
6141.66526,14.433,0.003
6141.67797,14.434,0.003
6141.69193,14.435,0.003
6141.70619,14.432,0.003
6141.71899,14.443,0.003
6141.73192,14.445,0.003
6141.74474,14.435,0.003
6141.75920,14.441,0.003
6141.77023,14.443,0.003
6141.78122,14.440,0.003
6142.48452,14.434,0.003
6142.51508,14.435,0.003
6142.53185,14.431,0.003
6142.54452,14.435,0.003
6142.56029,14.435,0.003
6142.57435,14.437,0.003
6142.63875,14.438,0.003
6142.68100,14.436,0.003
6143.47885,14.438,0.003
6143.58681,14.428,0.003
6143.70687,14.435,0.003
6145.69535,14.435,0.003
6147.49823,14.437,0.003
6147.52352,14.433,0.003
6147.53763,14.438,0.003
6147.56214,14.435,0.003
6147.57563,14.440,0.003
6147.58885,14.438,0.003
6147.60434,14.434,0.003
6147.61688,14.441,0.003
6147.63153,14.432,0.003
6147.64562,14.439,0.003
6147.67422,14.435,0.003
6147.68698,14.440,0.003
6147.69947,14.439,0.003
6147.71223,14.434,0.003
6148.47936,14.435,0.003
6148.49366,14.440,0.003
6148.50632,14.434,0.003
6148.51910,14.435,0.003
6148.53186,14.439,0.003
6148.55433,14.438,0.003
6148.56926,14.433,0.003
6148.59185,14.431,0.003
6148.60876,14.440,0.003
6148.62304,14.433,0.003
6148.63567,14.436,0.003
6148.64823,14.431,0.003
6148.66203,14.433,0.003
6148.67757,14.433,0.003
6148.69319,14.440,0.003
6148.70778,14.430,0.003
6149.55687,14.435,0.003
6149.57275,14.438,0.003
6149.58943,14.430,0.003
6149.60218,14.436,0.003
6149.61491,14.437,0.003
6149.62993,14.437,0.003
6150.47993,14.440,0.003
6150.49643,14.436,0.003
6150.52024,14.431,0.003
6150.53291,14.431,0.003
6150.54571,14.441,0.003
6150.55945,14.433,0.003
6150.58515,14.432,0.003
6150.59798,14.448,0.003
6150.61078,14.439,0.003
6150.63543,14.442,0.003
6150.64843,14.438,0.003
6150.66248,14.434,0.003
6150.67534,14.432,0.003
6151.47939,14.438,0.003
6151.52074,14.438,0.003
6151.53373,14.436,0.003
6151.54748,14.438,0.003
6151.56184,14.440,0.003
6151.57481,14.439,0.003
6151.58919,14.432,0.003
6151.60217,14.440,0.003
6151.61528,14.443,0.003
6151.62807,14.438,0.003
6151.64066,14.433,0.003
6151.65473,14.436,0.003
6151.66900,14.438,0.003
6151.68343,14.430,0.003
6151.69613,14.438,0.003
6151.70903,14.437,0.003
6151.72161,14.441,0.003
6151.73425,14.432,0.003
6151.74696,14.440,0.003
6152.47866,14.432,0.003
6152.49267,14.440,0.003
6152.50546,14.436,0.003
6152.51827,14.438,0.003
6152.53136,14.436,0.003
6152.54379,14.440,0.003
6152.55841,14.437,0.003
6152.58459,14.431,0.003
6152.59790,14.437,0.003
6152.62314,14.437,0.003
6152.63568,14.435,0.003
6152.64839,14.440,0.003
6152.66256,14.438,0.003
6152.67567,14.434,0.003
6153.68655,14.449,0.003
6153.70167,14.437,0.003
6154.47968,14.459,0.003
6154.49398,14.461,0.003
6154.50686,14.459,0.003
6154.51974,14.456,0.003
6154.53399,14.453,0.003
6154.54784,14.459,0.003
6154.57294,14.445,0.003
6154.60329,14.436,0.003
6154.62735,14.430,0.003
6154.64677,14.434,0.003
6154.68672,14.440,0.003
6154.69941,14.434,0.003
6154.71537,14.433,0.003
6157.64154,14.437,0.003
6157.65545,14.434,0.003
6157.67031,14.437,0.003
6157.68493,14.431,0.003
6157.69784,14.438,0.003
6157.71076,14.437,0.003
6157.72656,14.443,0.003
6158.48483,14.440,0.003
6158.49906,14.436,0.003
6158.51205,14.435,0.003
6158.53527,14.435,0.003
6158.54912,14.437,0.003
6158.57158,14.439,0.003
6158.58572,14.437,0.003
6158.60077,14.435,0.003
6158.61365,14.433,0.003
6158.62756,14.433,0.003
6158.64136,14.432,0.003
6158.65403,14.432,0.003
6158.66700,14.434,0.003
6158.68113,14.439,0.003
6158.69391,14.433,0.003
6158.70647,14.438,0.003
6158.71942,14.437,0.003
6158.73062,14.438,0.003
6159.49229,14.434,0.003
6159.50534,14.431,0.003
6159.52038,14.443,0.003
6159.54699,14.452,0.003
6159.56033,14.456,0.003
6159.57468,14.451,0.003
6159.58773,14.452,0.003
6159.61261,14.458,0.003
6159.62537,14.448,0.003
6159.63799,14.456,0.003
6159.65928,14.435,0.003
6159.67398,14.433,0.003
6159.69758,14.433,0.003
6159.71009,14.437,0.003
6160.48688,14.434,0.003
6160.50155,14.435,0.003
6160.51607,14.435,0.003
6160.54265,14.436,0.003
6160.55658,14.435,0.003
6160.57456,14.436,0.003
6160.58787,14.437,0.003
6160.60226,14.436,0.003
6160.61639,14.437,0.003
6160.62941,14.438,0.003
6160.64377,14.434,0.003
6160.65673,14.432,0.003
6160.66952,14.436,0.003
6160.68228,14.434,0.003
6160.69505,14.436,0.003
6160.71139,14.433,0.003
6160.72239,14.439,0.003
6160.73224,14.435,0.003
6161.48598,14.435,0.003
6161.49889,14.432,0.003
6161.51192,14.431,0.003
6161.52567,14.436,0.003
6161.53965,14.434,0.003
6161.55231,14.429,0.003
6161.56608,14.439,0.003
6161.58841,14.437,0.003
6161.60403,14.430,0.003
6161.62593,14.434,0.003
6161.64678,14.437,0.003
6161.66105,14.425,0.003
6161.67654,14.435,0.003
6161.68932,14.438,0.003
6161.70619,14.439,0.003
6164.48783,14.437,0.003
6164.50230,14.441,0.003
6164.52444,14.443,0.003
6164.55081,14.437,0.003
6164.56602,14.436,0.003
6164.57722,14.433,0.003
6164.58956,14.443,0.003
6164.60066,14.440,0.003
6164.63150,14.456,0.003
6164.64663,14.452,0.003
6164.67570,14.455,0.003
6164.68698,14.453,0.003
6164.70007,14.449,0.003
6164.71111,14.452,0.003
6166.69117,14.434,0.003
6166.71041,14.434,0.003
6167.49661,14.434,0.003
6167.51152,14.430,0.003
6167.52268,14.435,0.003
6167.53521,14.437,0.003
6167.54966,14.429,0.003
6167.57227,14.434,0.003
6167.58536,14.435,0.003
6167.60336,14.430,0.003
6167.61601,14.433,0.003
6167.63782,14.430,0.003
6167.65314,14.432,0.003
6167.66449,14.436,0.003
6167.68026,14.438,0.003
6167.70646,14.437,0.003
6168.49250,14.436,0.003
6168.51230,14.436,0.003
6168.53720,14.436,0.003
6168.56215,14.435,0.003
6168.57541,14.433,0.003
6168.60036,14.438,0.003
6168.61485,14.437,0.003
6168.64580,14.434,0.003
6168.65829,14.434,0.003
6168.67097,14.433,0.003
6168.68547,14.439,0.003
6168.69571,14.444,0.003
6168.70259,14.442,0.003
6169.48960,14.432,0.003
6169.50457,14.436,0.003
6169.52789,14.433,0.003
6169.54056,14.432,0.003
6169.56415,14.431,0.003
6169.57828,14.434,0.003
6169.59116,14.433,0.003
6169.60546,14.435,0.003
6169.61874,14.429,0.003
6169.63133,14.432,0.003
6169.64562,14.437,0.003
6169.65860,14.436,0.003
6169.67273,14.442,0.003
6169.68413,14.451,0.003
6169.69636,14.453,0.003
6171.49154,14.430,0.003
6171.50679,14.436,0.003
6171.53184,14.434,0.003
6171.54624,14.436,0.003
6171.55884,14.433,0.003
6171.58115,14.434,0.003
6171.59565,14.435,0.003
6171.61000,14.431,0.003
6171.62280,14.437,0.003
6171.63556,14.438,0.003
6171.65254,14.434,0.003
6171.66989,14.433,0.003
6171.68537,14.445,0.003
6171.69536,14.436,0.003
6172.49104,14.440,0.003
6172.50443,14.443,0.003
6172.51788,14.437,0.003
6172.54236,14.436,0.003
6172.55499,14.440,0.003
6172.56770,14.433,0.003
6172.59139,14.438,0.003
6172.60546,14.436,0.003
6172.61877,14.438,0.003
6172.63131,14.437,0.003
6172.64387,14.440,0.003
6172.65698,14.438,0.003
6172.67331,14.438,0.003
6174.56972,14.433,0.003
6174.58711,14.444,0.003
6174.59708,14.442,0.003
6174.62147,14.442,0.003
6174.63093,14.445,0.003
6174.64350,14.439,0.003
6175.47629,14.438,0.003
6175.49045,14.435,0.003
6175.51399,14.445,0.003
6175.52674,14.436,0.003
6175.53953,14.442,0.003
6175.55213,14.437,0.003
6175.56500,14.441,0.003
6175.57779,14.438,0.003
6175.59074,14.440,0.003
6175.60347,14.438,0.003
6175.61614,14.441,0.003
6175.63211,14.438,0.003
6175.64791,14.442,0.003
6175.66262,14.435,0.003
6175.67661,14.442,0.003
6179.47893,14.436,0.003
6179.49698,14.442,0.003
6179.52218,14.436,0.003
6179.54331,14.437,0.003
6179.55588,14.434,0.003
6179.56839,14.437,0.003
6179.58517,14.443,0.003
6179.59762,14.437,0.003
6179.61177,14.439,0.003
6179.62605,14.437,0.003
6179.63847,14.439,0.003
6179.65079,14.440,0.003
6179.66350,14.440,0.003
6179.67293,14.439,0.003
6180.48584,14.445,0.003
6180.50432,14.437,0.003
6180.51703,14.435,0.003
6180.54534,14.439,0.003
6180.55840,14.442,0.003
6180.57082,14.437,0.003
6180.58317,14.438,0.003
6180.59919,14.442,0.003
6180.61171,14.439,0.003
6180.62432,14.440,0.003
6180.63730,14.442,0.003
6180.64852,14.438,0.003
6180.65971,14.436,0.003
6180.66899,14.436,0.003
6181.47701,14.440,0.003
6181.49030,14.441,0.003
6181.51904,14.439,0.003
6181.53153,14.435,0.003
6181.54434,14.440,0.003
6181.55706,14.436,0.003
6181.56997,14.432,0.003
6181.58604,14.442,0.003
6181.59947,14.434,0.003
6181.61235,14.437,0.003
6181.62509,14.435,0.003
6181.63773,14.440,0.003
6182.47812,14.440,0.003
6182.49069,14.436,0.003
6182.52052,14.440,0.003
6182.53293,14.434,0.003
6182.54558,14.433,0.003
6182.56505,14.438,0.003
6182.58125,14.435,0.003
6182.59379,14.437,0.003
6182.60926,14.434,0.003
6182.62588,14.440,0.003
6182.63891,14.439,0.003
6182.65150,14.444,0.003
6182.66217,14.434,0.003
6183.48782,14.436,0.003
6183.50063,14.435,0.003
6183.51481,14.435,0.003
6183.56564,14.431,0.003
6183.59081,14.436,0.003
6183.60346,14.434,0.003
6183.61598,14.431,0.003
6183.62989,14.434,0.003
6184.48257,14.438,0.003
6184.49546,14.434,0.003
6184.52567,14.432,0.003
6184.55525,14.435,0.003
6184.56966,14.431,0.003
6184.58415,14.434,0.003
6184.60431,14.439,0.003
6184.61697,14.438,0.003
6184.62996,14.437,0.003
6184.64495,14.443,0.003
6185.47979,14.431,0.003
6185.49252,14.434,0.003
6185.50545,14.435,0.003
6185.53738,14.434,0.003
6185.55137,14.441,0.003
6185.56418,14.432,0.003
6185.57784,14.436,0.003
6185.59070,14.435,0.003
6185.60700,14.434,0.003
6185.62409,14.432,0.003
6185.64103,14.439,0.003
6186.47802,14.431,0.003
6186.49072,14.432,0.003
6186.50382,14.440,0.003
6186.53499,14.437,0.003
6186.54789,14.442,0.003
6186.56086,14.439,0.003
6186.57369,14.438,0.003
6186.58756,14.435,0.003
6186.60654,14.436,0.003
6187.53440,14.429,0.003
6187.57836,14.444,0.003
6190.48644,14.430,0.003
6190.50084,14.437,0.003
6190.51376,14.436,0.003
6190.52713,14.438,0.003
6190.55774,14.438,0.003
6190.57133,14.440,0.003
6190.58576,14.440,0.003
6190.59822,14.439,0.003
6190.61122,14.445,0.003
6191.48525,14.447,0.003
6191.49776,14.440,0.003
6191.51476,14.441,0.003
6191.54094,14.443,0.003
6191.55354,14.439,0.003
6191.56668,14.436,0.003
6191.57939,14.435,0.003
6191.59624,14.442,0.003
6191.60889,14.437,0.003
6191.62189,14.435,0.003
6191.63950,14.434,0.003
6195.47619,14.432,0.003
6195.52908,14.435,0.003
6195.56843,14.436,0.003
6195.60706,14.430,0.003
6196.47888,14.438,0.003
6196.52695,14.436,0.003
6196.56593,14.436,0.003
6196.60712,14.437,0.003
6197.47929,14.440,0.003
6197.52831,14.435,0.003
6197.56733,14.435,0.003
6198.49602,14.435,0.003
6198.58688,14.438,0.003
6199.52922,14.439,0.003
6200.59861,14.439,0.003
6200.62176,14.446,0.003
6201.54609,14.436,0.003
6202.57833,14.430,0.003
6203.51794,14.435,0.003
6203.56872,14.434,0.003
6203.60936,14.444,0.003
6204.52220,14.432,0.003
6204.56082,14.439,0.003
6204.59865,14.437,0.003
6205.50210,14.431,0.003
6205.54505,14.435,0.003
6205.58314,14.440,0.003
6208.51468,14.436,0.003
6209.57849,14.435,0.003
6210.51605,14.442,0.003
6210.55422,14.441,0.003
6210.59335,14.440,0.003
6211.51762,14.435,0.003
6211.55983,14.429,0.003
6211.59824,14.439,0.003
6212.51700,14.431,0.003
6212.55581,14.432,0.003
6213.49202,14.436,0.003
6213.53219,14.433,0.003
6213.57069,14.441,0.003
6214.52503,14.437,0.003
6214.56065,14.443,0.003
6216.49762,14.436,0.003
6216.53583,14.441,0.003
6216.57027,14.442,0.003
6216.58051,14.442,0.003
6217.52234,14.437,0.003
6217.56044,14.441,0.003
6218.50537,14.437,0.003
6218.54387,14.440,0.003
6219.49869,14.439,0.003
6219.51134,14.430,0.003
6219.52406,14.440,0.003
6219.53684,14.437,0.003
6219.54975,14.444,0.003
6219.56272,14.438,0.003
6223.51066,14.442,0.003
6223.56166,14.442,0.003
6224.49768,14.436,0.003
6226.50085,14.443,0.003
6227.51709,14.434,0.003
6231.52003,14.439,0.003
6233.50095,14.436,0.003
6233.55049,14.441,0.003
6234.53824,14.430,0.003
6238.53554,14.443,0.003
6239.53637,14.448,0.003
6242.51316,14.441,0.003
6326.87986,14.440,0.003
6329.87961,14.446,0.003
6334.87793,14.443,0.003
6335.85821,14.445,0.003
6337.86931,14.438,0.003
6338.84779,14.447,0.003
6338.89139,14.436,0.003
6339.87413,14.438,0.003
6340.85393,14.440,0.003
6340.88426,14.438,0.003
6341.89268,14.436,0.003
6343.85702,14.441,0.003
6343.89254,14.448,0.003
6344.85624,14.440,0.003
6345.82942,14.441,0.003
6345.87398,14.437,0.003
6347.83817,14.435,0.003
6347.87674,14.436,0.003
6348.82032,14.437,0.003
6348.86184,14.438,0.003
6349.83169,14.439,0.003
6349.86725,14.440,0.003
6350.82087,14.435,0.003
6350.86737,14.442,0.003
6351.81948,14.444,0.003
6351.86778,14.442,0.003
6352.81725,14.438,0.003
6352.86364,14.440,0.003
6353.79844,14.435,0.003
6353.83903,14.435,0.003
6353.89509,14.438,0.003
6354.87174,14.437,0.003
6355.85691,14.439,0.003
6358.82730,14.434,0.003
6358.87172,14.439,0.003
6360.79375,14.444,0.003
6360.83112,14.437,0.003
6360.87872,14.437,0.003
6361.81677,14.437,0.003
6361.85409,14.430,0.003
6361.89720,14.441,0.003
6362.80214,14.438,0.003
6362.83956,14.435,0.003
6362.89086,14.436,0.003
6363.80849,14.438,0.003
6363.86347,14.436,0.003
6367.81877,14.434,0.003
6367.86712,14.436,0.003
6367.90553,14.437,0.003
6368.80382,14.436,0.003
6368.85694,14.440,0.003
6368.89700,14.431,0.003
6369.78448,14.440,0.003
6369.82411,14.438,0.003
6369.87900,14.434,0.003
6370.76937,14.441,0.003
6370.81415,14.436,0.003
6370.85747,14.434,0.003
6370.89672,14.441,0.003
6371.77881,14.439,0.003
6371.82779,14.438,0.003
6371.86657,14.437,0.003
6371.91000,14.432,0.003
6372.77154,14.457,0.003
6372.82024,14.442,0.003
6372.86010,14.441,0.003
6372.90273,14.438,0.003
6373.77163,14.440,0.003
6373.82584,14.435,0.003
6373.86562,14.439,0.003
6373.90486,14.431,0.003
6374.77763,14.440,0.003
6374.82896,14.441,0.003
6374.86884,14.435,0.003
6374.91001,14.440,0.003
6375.77676,14.428,0.003
6375.84393,14.440,0.003
6375.88412,14.438,0.003
6376.75469,14.445,0.003
6376.78733,14.436,0.003
6376.84005,14.433,0.003
6376.88219,14.435,0.003
6377.75154,14.450,0.003
6377.81226,14.454,0.003
6377.85178,14.451,0.003
6377.89262,14.437,0.003
6378.75871,14.436,0.003
6378.80781,14.441,0.003
6378.84687,14.432,0.003
6378.88833,14.439,0.003
6379.74523,14.440,0.003
6379.78291,14.440,0.003
6379.83217,14.432,0.003
6379.87349,14.437,0.003
6379.91760,14.436,0.003
6380.77245,14.438,0.003
6380.83507,14.435,0.003
6380.87540,14.435,0.003
6380.92188,14.433,0.003
6381.78067,14.439,0.003
6381.82922,14.444,0.003
6381.86820,14.444,0.003
6381.90901,14.447,0.003
6382.77444,14.433,0.003
6382.81376,14.442,0.003
6382.85382,14.456,0.003
6382.89494,14.455,0.003
6386.76752,14.437,0.003
6386.82099,14.438,0.003
6386.86863,14.436,0.003
6386.92383,14.446,0.003
6387.74208,14.439,0.003
6387.78529,14.441,0.003
6387.82489,14.436,0.003
6387.86395,14.429,0.003
6387.89108,14.446,0.003
6387.90806,14.453,0.003
6388.73231,14.445,0.003
6388.79481,14.440,0.003
6388.83394,14.437,0.003
6388.90793,14.437,0.003
6389.73063,14.438,0.003
6389.77162,14.437,0.003
6389.81286,14.439,0.003
6389.85131,14.434,0.003
6389.89085,14.438,0.003
6390.71561,14.442,0.003
6390.75569,14.435,0.003
6390.79754,14.435,0.003
6390.84199,14.435,0.003
6390.88690,14.433,0.003
6390.92743,14.427,0.003
6391.72738,14.441,0.003
6391.74020,14.444,0.003
6391.76259,14.435,0.003
6391.77838,14.439,0.003
6391.79117,14.437,0.003
6391.80429,14.440,0.003
6391.81828,14.444,0.003
6391.83134,14.438,0.003
6391.85796,14.436,0.003
6391.87119,14.442,0.003
6391.88464,14.445,0.003
6391.90638,14.462,0.003
6393.70240,14.439,0.003
6393.71374,14.440,0.003
6393.72365,14.430,0.003
6393.73647,14.439,0.003
6393.76307,14.439,0.003
6393.77631,14.441,0.003
6393.78909,14.440,0.003
6393.80202,14.439,0.003
6393.82753,14.440,0.003
6393.84182,14.438,0.003
6393.85472,14.438,0.003
6393.86876,14.442,0.003
6393.88169,14.442,0.003
6393.89802,14.444,0.003
6394.69816,14.449,0.003
6394.71302,14.440,0.003
6394.72720,14.437,0.003
6394.74044,14.442,0.003
6394.76706,14.437,0.003
6394.77996,14.437,0.003
6394.80179,14.439,0.003
6394.81450,14.439,0.003
6394.82739,14.437,0.003
6394.84044,14.436,0.003
6394.85360,14.441,0.003
6394.86674,14.439,0.003
6394.88110,14.450,0.003
6394.91823,14.441,0.003
6394.93122,14.430,0.003
6395.69736,14.448,0.003
6395.70699,14.432,0.003
6395.71970,14.443,0.003
6395.73316,14.435,0.003
6395.75549,14.438,0.003
6395.76827,14.440,0.003
6395.79178,14.439,0.003
6395.80461,14.437,0.003
6395.81795,14.443,0.003
6395.83084,14.441,0.003
6395.84368,14.443,0.003
6395.85669,14.435,0.003
6395.87071,14.440,0.003
6395.88442,14.439,0.003
6395.90081,14.442,0.003
6395.91539,14.442,0.003
6395.93014,14.431,0.003
6396.69414,14.439,0.003
6396.70677,14.442,0.003
6396.71943,14.433,0.003
6396.74116,14.435,0.003
6396.75363,14.438,0.003
6396.76624,14.441,0.003
6396.77874,14.438,0.003
6396.80320,14.438,0.003
6396.81631,14.438,0.003
6396.83101,14.445,0.003
6396.84614,14.442,0.003
6396.85903,14.439,0.003
6396.87259,14.439,0.003
6396.88671,14.440,0.003
6396.90095,14.435,0.003
6396.91367,14.436,0.003
6396.92671,14.436,0.003
6397.69473,14.435,0.003
6397.70726,14.435,0.003
6397.71978,14.435,0.003
6397.73250,14.438,0.003
6397.75796,14.438,0.003
6397.77061,14.436,0.003
6397.78338,14.437,0.003
6397.80498,14.434,0.003
6397.81757,14.434,0.003
6397.83210,14.435,0.003
6397.84477,14.436,0.003
6397.85737,14.439,0.003
6397.87003,14.434,0.003
6397.88268,14.438,0.003
6397.89586,14.436,0.003
6397.90913,14.431,0.003
6397.92183,14.437,0.003
6398.68676,14.435,0.003
6398.69990,14.436,0.003
6398.71245,14.436,0.003
6398.72569,14.431,0.003
6398.74824,14.437,0.003
6398.76334,14.433,0.003
6398.78749,14.436,0.003
6398.80015,14.432,0.003
6398.81284,14.437,0.003
6398.82549,14.430,0.003
6398.83835,14.436,0.003
6398.85254,14.433,0.003
6398.86557,14.435,0.003
6398.88057,14.435,0.003
6398.89333,14.433,0.003
6398.90627,14.428,0.003
6398.91904,14.433,0.003
6399.67852,14.445,0.003
6399.69105,14.439,0.003
6399.70498,14.432,0.003
6399.71743,14.434,0.003
6399.72989,14.440,0.003
6399.74279,14.434,0.003
6399.75557,14.438,0.003
6399.77871,14.440,0.003
6399.80045,14.440,0.003
6399.81349,14.436,0.003
6399.82604,14.434,0.003
6399.83918,14.434,0.003
6399.85184,14.434,0.003
6399.86508,14.435,0.003
6399.88544,14.437,0.003
6399.92482,14.432,0.003
6400.67724,14.438,0.003
6400.69753,14.446,0.003
6400.71177,14.433,0.003
6400.72589,14.430,0.003
6400.74213,14.440,0.003
6400.75490,14.439,0.003
6400.78560,14.431,0.003
6400.80668,14.437,0.003
6400.82099,14.434,0.003
6400.84637,14.434,0.003
6400.86152,14.432,0.003
6400.87954,14.432,0.003
6400.89426,14.435,0.003
6400.90868,14.434,0.003
6400.92346,14.434,0.003
6401.69816,14.438,0.003
6401.70462,14.434,0.003
6401.71732,14.434,0.003
6401.73924,14.438,0.003
6401.75168,14.435,0.003
6401.76427,14.435,0.003
6401.77699,14.439,0.003
6401.80268,14.436,0.003
6401.81531,14.437,0.003
6401.82814,14.441,0.003
6401.84116,14.443,0.003
6401.85596,14.440,0.003
6401.86985,14.435,0.003
6401.88293,14.438,0.003
6401.89564,14.437,0.003
6401.90818,14.434,0.003
6401.92082,14.437,0.003
6402.68879,14.441,0.003
6402.70143,14.434,0.003
6402.71406,14.435,0.003
6402.72669,14.435,0.003
6402.73933,14.436,0.003
6402.76131,14.437,0.003
6402.77382,14.438,0.003
6402.78648,14.432,0.003
6402.80825,14.437,0.003
6402.82089,14.439,0.003
6402.83519,14.438,0.003
6402.84838,14.432,0.003
6402.86151,14.436,0.003
6402.87498,14.440,0.003
6402.88946,14.434,0.003
6402.90217,14.432,0.003
6402.91472,14.435,0.003
6403.67985,14.444,0.003
6403.69235,14.439,0.003
6403.70486,14.435,0.003
6403.71747,14.432,0.003
6403.73001,14.436,0.003
6403.74241,14.434,0.003
6403.75495,14.435,0.003
6403.76770,14.437,0.003
6403.78173,14.438,0.003
6403.80349,14.436,0.003
6403.81603,14.435,0.003
6403.82866,14.435,0.003
6403.84182,14.439,0.003
6403.85438,14.436,0.003
6403.86787,14.439,0.003
6403.89712,14.437,0.003
6403.91137,14.438,0.003
6403.92531,14.432,0.003
6404.68916,14.435,0.003
6404.70988,14.436,0.003
6404.72449,14.430,0.003
6404.73853,14.435,0.003
6404.75127,14.436,0.003
6404.76394,14.434,0.003
6404.78742,14.436,0.003
6404.79992,14.427,0.003
6404.81320,14.435,0.003
6404.82624,14.433,0.003
6404.83921,14.428,0.003
6404.85231,14.430,0.003
6404.86581,14.430,0.003
6404.88864,14.432,0.003
6404.90118,14.434,0.003
6404.91807,14.437,0.003
6405.80614,14.432,0.003
6405.85619,14.431,0.003
6405.86837,14.442,0.003
6405.88382,14.436,0.003
6405.89673,14.432,0.003
6405.90947,14.429,0.003
6405.92203,14.437,0.003
6406.75160,14.431,0.003
6406.76754,14.426,0.003
6406.79484,14.427,0.003
6406.81275,14.434,0.003
6406.83025,14.436,0.003
6406.84815,14.434,0.003
6406.86806,14.436,0.003
6406.88612,14.437,0.003
6406.90382,14.438,0.003
6406.91656,14.435,0.003
6406.93086,14.432,0.003
6407.69228,14.431,0.003
6407.69581,14.433,0.003
6407.70681,14.432,0.003
6407.71948,14.437,0.003
6407.73207,14.435,0.003
6407.74471,14.434,0.003
6407.75748,14.436,0.003
6407.77029,14.437,0.003
6407.78280,14.436,0.003
6407.79537,14.434,0.003
6407.80974,14.432,0.003
6407.83183,14.430,0.003
6407.84523,14.434,0.003
6407.85847,14.437,0.003
6407.87231,14.434,0.003
6407.89460,14.435,0.003
6407.90784,14.436,0.003
6407.92045,14.438,0.003
6407.93324,14.434,0.003
6408.71199,14.442,0.003
6408.72508,14.433,0.003
6408.74035,14.433,0.003
6408.75299,14.438,0.003
6408.76595,14.440,0.003
6408.77969,14.443,0.003
6408.79263,14.437,0.003
6408.80581,14.435,0.003
6408.82026,14.442,0.003
6408.83341,14.429,0.003
6409.75218,14.436,0.003
6409.79354,14.438,0.003
6409.80617,14.441,0.003
6409.82479,14.438,0.003
6409.83789,14.432,0.003
6409.86747,14.439,0.003
6409.88059,14.437,0.003
6409.89337,14.436,0.003
6409.90600,14.439,0.003
6409.91873,14.435,0.003
6409.93126,14.438,0.003
6415.70403,14.439,0.003
6415.72052,14.445,0.003
6415.74644,14.438,0.003
6415.75904,14.432,0.003
6415.77181,14.444,0.003
6415.78437,14.440,0.003
6415.79967,14.444,0.003
6415.81232,14.444,0.003
6415.82540,14.437,0.003
6415.84306,14.438,0.003
6415.86467,14.440,0.003
6415.87744,14.446,0.003
6415.90096,14.437,0.003
6415.91349,14.438,0.003
6415.92623,14.436,0.003
6416.63979,14.436,0.003
6416.65238,14.437,0.003
6416.67169,14.431,0.003
6416.68451,14.439,0.003
6416.69751,14.440,0.003
6416.73514,14.433,0.003
6416.74778,14.437,0.003
6416.76068,14.436,0.003
6416.77337,14.435,0.003
6416.78597,14.436,0.003
6416.80806,14.438,0.003
6416.82238,14.438,0.003
6416.83631,14.433,0.003
6416.86427,14.436,0.003
6416.88637,14.440,0.003
6416.90143,14.437,0.003
6416.91393,14.440,0.003
6416.92879,14.422,0.003
6417.66169,14.433,0.003
6417.67424,14.438,0.003
6417.68680,14.438,0.003
6417.69931,14.445,0.003
6417.71173,14.445,0.003
6417.72486,14.447,0.003
6417.73743,14.437,0.003
6417.74994,14.436,0.003
6417.76237,14.439,0.003
6417.77506,14.441,0.003
6417.79682,14.442,0.003
6417.81002,14.438,0.003
6417.82404,14.435,0.003
6417.83762,14.430,0.003
6417.85055,14.433,0.003
6417.86328,14.435,0.003
6417.88558,14.433,0.003
6417.89943,14.430,0.003
6417.91232,14.431,0.003
6417.92500,14.436,0.003
6417.93787,14.427,0.003
6418.63838,14.433,0.003
6418.64649,14.441,0.003
6418.65898,14.436,0.003
6418.67151,14.437,0.003
6418.68410,14.436,0.003
6418.69653,14.438,0.003
6418.70900,14.431,0.003
6418.72157,14.433,0.003
6418.73405,14.441,0.003
6418.74656,14.436,0.003
6418.75911,14.436,0.003
6418.77163,14.435,0.003
6418.78439,14.438,0.003
6418.79711,14.432,0.003
6418.82028,14.436,0.003
6418.83534,14.441,0.003
6418.84820,14.430,0.003
6418.86065,14.433,0.003
6418.87352,14.437,0.003
6418.89562,14.430,0.003
6418.90799,14.434,0.003
6418.92109,14.436,0.003
6418.93401,14.429,0.003
6419.65714,14.443,0.003
6419.67262,14.438,0.003
6419.69517,14.428,0.003
6419.70785,14.437,0.003
6419.72052,14.434,0.003
6419.73328,14.437,0.003
6419.74592,14.436,0.003
6419.75872,14.435,0.003
6419.77145,14.439,0.003
6419.78480,14.433,0.003
6419.80783,14.435,0.003
6419.82210,14.432,0.003
6419.83599,14.429,0.003
6419.84919,14.434,0.003
6419.86188,14.434,0.003
6419.88362,14.433,0.003
6419.89636,14.432,0.003
6419.90905,14.432,0.003
6419.92163,14.436,0.003
6420.63245,14.433,0.003
6420.63579,14.435,0.003
6420.64851,14.438,0.003
6420.66104,14.436,0.003
6420.67361,14.437,0.003
6420.68609,14.435,0.003
6420.69874,14.438,0.003
6420.71147,14.438,0.003
6420.72394,14.438,0.003
6420.73649,14.437,0.003
6420.74723,14.436,0.003
6420.75981,14.437,0.003
6420.77242,14.435,0.003
6420.80565,14.440,0.003
6420.81942,14.435,0.003
6420.83271,14.443,0.003
6420.84547,14.434,0.003
6420.85831,14.436,0.003
6420.87164,14.434,0.003
6420.89417,14.435,0.003
6420.90724,14.436,0.003
6420.92011,14.431,0.003
6420.93347,14.439,0.003
6421.78770,14.434,0.003
6421.80084,14.439,0.003
6421.81425,14.436,0.003
6421.82842,14.438,0.003
6421.84111,14.425,0.003
6421.87449,14.436,0.003
6421.88700,14.437,0.003
6421.91494,14.434,0.003
6421.92747,14.441,0.003
6422.67983,14.437,0.003
6422.70043,14.439,0.003
6422.71943,14.430,0.003
6422.73207,14.434,0.003
6422.74483,14.445,0.003
6422.75717,14.439,0.003
6422.76991,14.436,0.003
6422.78262,14.437,0.003
6422.82520,14.441,0.003
6422.86081,14.439,0.003
6422.90703,14.443,0.003
6422.92237,14.430,0.003
6423.63835,14.436,0.003
6423.65477,14.443,0.003
6423.67690,14.434,0.003
6423.68975,14.435,0.003
6423.70422,14.437,0.003
6423.73422,14.433,0.003
6423.74698,14.437,0.003
6423.77487,14.435,0.003
6423.78827,14.436,0.003
6423.81057,14.435,0.003
6423.82391,14.436,0.003
6423.83674,14.434,0.003
6423.84961,14.431,0.003
6423.86249,14.435,0.003
6423.87542,14.434,0.003
6423.88825,14.435,0.003
6423.90107,14.432,0.003
6423.91377,14.437,0.003
6423.92626,14.435,0.003
6423.93884,14.438,0.003
6424.62167,14.437,0.003
6424.63608,14.435,0.003
6424.64958,14.444,0.003
6424.66313,14.433,0.003
6424.67664,14.437,0.003
6424.69007,14.436,0.003
6424.71286,14.437,0.003
6424.72647,14.442,0.003
6424.74942,14.438,0.003
6424.76299,14.436,0.003
6424.78547,14.435,0.003
6424.79967,14.436,0.003
6424.81554,14.439,0.003
6424.82989,14.435,0.003
6424.84373,14.436,0.003
6424.85765,14.431,0.003
6424.87142,14.429,0.003
6424.88522,14.429,0.003
6424.90434,14.436,0.003
6424.92730,14.441,0.003
6424.93809,14.439,0.003
6426.60869,14.440,0.003
6426.62266,14.438,0.003
6426.63601,14.444,0.003
6426.64938,14.436,0.003
6426.66307,14.436,0.003
6426.67669,14.428,0.003
6426.71636,14.435,0.003
6426.74253,14.437,0.003
6426.77190,14.433,0.003
6426.79641,14.431,0.003
6426.82140,14.436,0.003
6426.83521,14.436,0.003
6426.84873,14.438,0.003
6426.86293,14.435,0.003
6426.87630,14.437,0.003
6426.88988,14.430,0.003
6426.90350,14.436,0.003
6426.91706,14.431,0.003
6426.93051,14.438,0.003
6427.72117,14.430,0.003
6427.88214,14.438,0.003
6427.91699,14.430,0.003
6428.61220,14.461,0.003
6428.62588,14.446,0.003
6428.63987,14.443,0.003
6428.65341,14.438,0.003
6428.66916,14.438,0.003
6428.68932,14.436,0.003
6428.70310,14.437,0.003
6428.71657,14.430,0.003
6428.73082,14.439,0.003
6428.74441,14.436,0.003
6428.76764,14.431,0.003
6428.78141,14.438,0.003
6428.80690,14.435,0.003
6428.82126,14.431,0.003
6428.83534,14.434,0.003
6428.85019,14.435,0.003
6428.86424,14.439,0.003
6428.87792,14.435,0.003
6428.89134,14.437,0.003
6428.90476,14.440,0.003
6428.91825,14.436,0.003
6428.93216,14.440,0.003
6429.62068,14.431,0.003
6429.94084,14.443,0.003
6431.61847,14.440,0.003
6431.62941,14.433,0.003
6431.63875,14.438,0.003
6431.65166,14.440,0.003
6431.66498,14.439,0.003
6431.67842,14.440,0.003
6431.69187,14.440,0.003
6431.71468,14.443,0.003
6431.72803,14.444,0.003
6431.74294,14.440,0.003
6431.76587,14.433,0.003
6431.78051,14.439,0.003
6431.79580,14.434,0.003
6431.80932,14.434,0.003
6431.82271,14.436,0.003
6431.83622,14.434,0.003
6431.84970,14.434,0.003
6431.86302,14.439,0.003
6431.87644,14.434,0.003
6431.89025,14.432,0.003
6431.90371,14.435,0.003
6431.91699,14.436,0.003
6431.93139,14.438,0.003
6432.61395,14.442,0.003
6432.63620,14.443,0.003
6432.64466,14.440,0.003
6432.65805,14.440,0.003
6432.67189,14.440,0.003
6432.68813,14.445,0.003
6432.70141,14.436,0.003
6432.72468,14.445,0.003
6432.73830,14.437,0.003
6432.76075,14.435,0.003
6432.77458,14.439,0.003
6432.78833,14.441,0.003
6432.80241,14.436,0.003
6432.81598,14.446,0.003
6432.82936,14.431,0.003
6432.84264,14.435,0.003
6432.85655,14.443,0.003
6432.86982,14.433,0.003
6432.88341,14.438,0.003
6432.89703,14.432,0.003
6432.91040,14.431,0.003
6432.92391,14.438,0.003
6432.93931,14.436,0.003
6433.59867,14.458,0.003
6433.60695,14.456,0.003
6433.62040,14.457,0.003
6433.63395,14.466,0.003
6433.64740,14.459,0.003
6433.66081,14.460,0.003
6433.67478,14.461,0.003
6433.68800,14.452,0.003
6433.70154,14.437,0.003
6433.72441,14.433,0.003
6433.73792,14.440,0.003
6433.76200,14.440,0.003
6433.77585,14.436,0.003
6433.78952,14.436,0.003
6433.80428,14.440,0.003
6433.82601,14.433,0.003
6433.84207,14.429,0.003
6433.85885,14.433,0.003
6433.88297,14.439,0.003
6434.59857,14.441,0.003
6434.60884,14.443,0.003
6434.62229,14.437,0.003
6434.63571,14.437,0.003
6434.64906,14.437,0.003
6434.66273,14.440,0.003
6434.67614,14.436,0.003
6434.69135,14.436,0.003
6434.70476,14.439,0.003
6434.72716,14.434,0.003
6434.74085,14.434,0.003
6434.76393,14.435,0.003
6434.77806,14.439,0.003
6434.79245,14.434,0.003
6434.80627,14.435,0.003
6434.81986,14.432,0.003
6434.83370,14.436,0.003
6434.84719,14.432,0.003
6434.86053,14.436,0.003
6434.88168,14.433,0.003
6434.89617,14.427,0.003
6434.90947,14.430,0.003
6434.92726,14.433,0.003
6434.94738,14.445,0.003
6435.59047,14.439,0.003
6435.61002,14.443,0.003
6435.62425,14.433,0.003
6435.63946,14.437,0.003
6435.65279,14.439,0.003
6435.66626,14.436,0.003
6435.67947,14.434,0.003
6435.69382,14.426,0.003
6435.70848,14.438,0.003
6435.73193,14.437,0.003
6435.74530,14.434,0.003
6435.76836,14.431,0.003
6435.78228,14.434,0.003
6435.79742,14.432,0.003
6435.81076,14.434,0.003
6435.82495,14.434,0.003
6435.83962,14.435,0.003
6435.85421,14.430,0.003
6435.86881,14.442,0.003
6435.88261,14.433,0.003
6435.89748,14.434,0.003
6435.91073,14.431,0.003
6435.92425,14.433,0.003
6435.93759,14.435,0.003
6436.58701,14.442,0.003
6436.59706,14.430,0.003
6436.61033,14.438,0.003
6436.62548,14.436,0.003
6436.63924,14.435,0.003
6436.65321,14.440,0.003
6436.66720,14.442,0.003
6436.68191,14.441,0.003
6436.69522,14.439,0.003
6436.71024,14.435,0.003
6436.73288,14.443,0.003
6436.74645,14.434,0.003
6436.77332,14.434,0.003
6436.78757,14.433,0.003
6436.80119,14.435,0.003
6436.81459,14.438,0.003
6436.82932,14.429,0.003
6436.84271,14.429,0.003
6436.85646,14.433,0.003
6436.87123,14.435,0.003
6436.88446,14.436,0.003
6436.89782,14.432,0.003
6436.91137,14.431,0.003
6436.92642,14.436,0.003
6436.93983,14.438,0.003
6437.72856,14.436,0.003
6437.74221,14.434,0.003
6437.75662,14.427,0.003
6437.77088,14.437,0.003
6437.80685,14.436,0.003
6437.82109,14.430,0.003
6437.83471,14.438,0.003
6437.84565,14.438,0.003
6437.85691,14.427,0.003
6437.87130,14.435,0.003
6437.88365,14.431,0.003
6437.89880,14.431,0.003
6437.91207,14.429,0.003
6437.92603,14.431,0.003
6437.93929,14.433,0.003
6440.78136,14.432,0.003
6441.62143,14.441,0.003
6441.64246,14.437,0.003
6441.64688,14.437,0.003
6441.68204,14.438,0.003
6441.71947,14.441,0.003
6441.73282,14.437,0.003
6441.75655,14.435,0.003
6441.77147,14.440,0.003
6441.78587,14.438,0.003
6441.81006,14.438,0.003
6441.82344,14.440,0.003
6441.83786,14.432,0.003
6441.85159,14.435,0.003
6441.86780,14.438,0.003
6441.88158,14.438,0.003
6441.89498,14.441,0.003
6441.90866,14.439,0.003
6441.92414,14.439,0.003
6441.93966,14.439,0.003
6441.94956,14.449,0.003
6442.57085,14.439,0.003
6442.57917,14.444,0.003
6442.59252,14.436,0.003
6442.60604,14.437,0.003
6442.61936,14.434,0.003
6442.63274,14.435,0.003
6442.64607,14.433,0.003
6442.65947,14.439,0.003
6442.67278,14.438,0.003
6442.68613,14.437,0.003
6442.70916,14.436,0.003
6442.72242,14.439,0.003
6442.74765,14.435,0.003
6442.76250,14.438,0.003
6442.77646,14.438,0.003
6442.78997,14.442,0.003
6442.80370,14.434,0.003
6442.81715,14.441,0.003
6442.83036,14.439,0.003
6442.84369,14.440,0.003
6442.85687,14.430,0.003
6442.87016,14.435,0.003
6442.88357,14.431,0.003
6442.89673,14.431,0.003
6442.90995,14.436,0.003
6442.92334,14.439,0.003
6442.93683,14.443,0.003
6443.58869,14.443,0.003
6443.61869,14.433,0.003
6443.64200,14.427,0.003
6443.66553,14.434,0.003
6443.68674,14.437,0.003
6443.71930,14.451,0.003
6443.74703,14.459,0.003
6443.77011,14.452,0.003
6443.79032,14.455,0.003
6443.81657,14.454,0.003
6443.86421,14.436,0.003
6444.59986,14.443,0.003
6444.69212,14.440,0.003
6444.71446,14.437,0.003
6444.72932,14.435,0.003
6444.75477,14.440,0.003
6444.77258,14.440,0.003
6444.79532,14.439,0.003
6444.80921,14.434,0.003
6444.82273,14.435,0.003
6444.83674,14.443,0.003
6444.85009,14.440,0.003
6444.86350,14.440,0.003
6444.87679,14.442,0.003
6444.89188,14.437,0.003
6444.90537,14.440,0.003
6444.92760,14.437,0.003
6444.94222,14.446,0.003
6445.56518,14.437,0.003
6445.59155,14.439,0.003
6445.60659,14.441,0.003
6445.62076,14.438,0.003
6445.63719,14.439,0.003
6445.65201,14.438,0.003
6445.67908,14.440,0.003
6445.69410,14.438,0.003
6445.70903,14.434,0.003
6445.72404,14.439,0.003
6445.73968,14.439,0.003
6445.75599,14.440,0.003
6445.78290,14.439,0.003
6445.79806,14.434,0.003
6445.81341,14.436,0.003
6445.82849,14.443,0.003
6445.84356,14.435,0.003
6445.85867,14.439,0.003
6445.87364,14.438,0.003
6445.88878,14.438,0.003
6445.90624,14.442,0.003
6445.92119,14.440,0.003
6445.93629,14.440,0.003
6446.55915,14.445,0.003
6446.56599,14.438,0.003
6446.58107,14.436,0.003
6446.59708,14.437,0.003
6446.61160,14.439,0.003
6446.62495,14.441,0.003
6446.63939,14.438,0.003
6446.65297,14.442,0.003
6446.66640,14.440,0.003
6446.68911,14.441,0.003
6446.70463,14.439,0.003
6446.71853,14.436,0.003
6446.74413,14.439,0.003
6446.75967,14.439,0.003
6446.77353,14.446,0.003
6446.78713,14.438,0.003
6446.80043,14.437,0.003
6446.81557,14.433,0.003
6446.82920,14.439,0.003
6446.84276,14.437,0.003
6446.85663,14.438,0.003
6446.89856,14.436,0.003
6446.90857,14.435,0.003
6446.92374,14.446,0.003
6446.93550,14.437,0.003
6446.94906,14.437,0.003
6447.55524,14.432,0.003
6447.56594,14.442,0.003
6447.57760,14.442,0.003
6447.59104,14.447,0.003
6447.60472,14.437,0.003
6447.61666,14.439,0.003
6447.63013,14.433,0.003
6447.64342,14.441,0.003
6447.65662,14.439,0.003
6447.67079,14.436,0.003
6447.69370,14.438,0.003
6447.70687,14.437,0.003
6447.73065,14.440,0.003
6447.74521,14.430,0.003
6447.76204,14.435,0.003
6447.77557,14.429,0.003
6447.78899,14.439,0.003
6447.80387,14.436,0.003
6447.81730,14.433,0.003
6447.83067,14.436,0.003
6447.84394,14.437,0.003
6447.85742,14.434,0.003
6447.87110,14.438,0.003
6447.88448,14.435,0.003
6447.89793,14.436,0.003
6447.91180,14.443,0.003
6447.92511,14.445,0.003
6447.93864,14.436,0.003
6447.94892,14.443,0.003
6448.55935,14.443,0.003
6448.56973,14.437,0.003
6448.57985,14.441,0.003
6448.59334,14.440,0.003
6448.60666,14.436,0.003
6448.62005,14.437,0.003
6448.63359,14.438,0.003
6448.64700,14.435,0.003
6448.66048,14.439,0.003
6448.67465,14.437,0.003
6448.68814,14.436,0.003
6448.71115,14.437,0.003
6448.73487,14.437,0.003
6448.74837,14.435,0.003
6448.76351,14.439,0.003
6448.77724,14.437,0.003
6448.79103,14.441,0.003
6448.80506,14.456,0.003
6448.81924,14.457,0.003
6448.83292,14.457,0.003
6448.84647,14.453,0.003
6448.86009,14.461,0.003
6448.87356,14.455,0.003
6448.88706,14.455,0.003
6448.90060,14.459,0.003
6448.91580,14.448,0.003
6448.92937,14.435,0.003
6449.55816,14.442,0.003
6449.56820,14.444,0.003
6449.57862,14.444,0.003
6449.59268,14.436,0.003
6449.60613,14.441,0.003
6449.62013,14.436,0.003
6449.63502,14.440,0.003
6449.64994,14.440,0.003
6449.66337,14.432,0.003
6449.67684,14.438,0.003
6449.69020,14.437,0.003
6449.70369,14.440,0.003
6449.72732,14.436,0.003
6449.74169,14.432,0.003
6449.76522,14.440,0.003
6449.77876,14.437,0.003
6449.79233,14.438,0.003
6449.80635,14.436,0.003
6449.82013,14.442,0.003
6449.83363,14.437,0.003
6449.84720,14.436,0.003
6449.86063,14.437,0.003
6449.87414,14.434,0.003
6449.88764,14.437,0.003
6449.90159,14.435,0.003
6449.91708,14.439,0.003
6449.92879,14.435,0.003
6450.55380,14.443,0.003
6450.56863,14.446,0.003
6450.58434,14.445,0.003
6450.59990,14.443,0.003
6450.61344,14.439,0.003
6450.62905,14.440,0.003
6450.64251,14.437,0.003
6450.65647,14.439,0.003
6450.66979,14.432,0.003
6450.69229,14.436,0.003
6450.70552,14.446,0.003
6450.72826,14.440,0.003
6450.74169,14.438,0.003
6450.75613,14.438,0.003
6450.76984,14.441,0.003
6450.78367,14.437,0.003
6450.79777,14.434,0.003
6450.81128,14.434,0.003
6450.82470,14.439,0.003
6450.83858,14.437,0.003
6450.85675,14.431,0.003
6450.87039,14.438,0.003
6450.88383,14.435,0.003
6450.89750,14.438,0.003
6450.91422,14.439,0.003
6450.92927,14.439,0.003
6451.55427,14.444,0.003
6451.56645,14.437,0.003
6451.57835,14.435,0.003
6451.59201,14.438,0.003
6451.60539,14.439,0.003
6451.61868,14.439,0.003
6451.63213,14.435,0.003
6451.64582,14.431,0.003
6451.65917,14.438,0.003
6451.67260,14.435,0.003
6451.68832,14.445,0.003
6451.71113,14.434,0.003
6451.72488,14.438,0.003
6451.74975,14.443,0.003
6451.76353,14.437,0.003
6451.77709,14.439,0.003
6451.79051,14.430,0.003
6451.80376,14.434,0.003
6451.81746,14.439,0.003
6451.83126,14.438,0.003
6451.84473,14.446,0.003
6451.85841,14.441,0.003
6451.87195,14.440,0.003
6451.88745,14.439,0.003
6451.90262,14.435,0.003
6451.91437,14.444,0.003
6452.54815,14.443,0.003
6452.55995,14.438,0.003
6452.56868,14.438,0.003
6452.58090,14.435,0.003
6452.59290,14.435,0.003
6452.60973,14.433,0.003
6452.62330,14.439,0.003
6452.63690,14.440,0.003
6452.65053,14.436,0.003
6452.66401,14.436,0.003
6452.67783,14.435,0.003
6452.70324,14.436,0.003
6452.75517,14.435,0.003
6452.77853,14.436,0.003
6452.79710,14.435,0.003
6452.81610,14.434,0.003
6452.83091,14.435,0.003
6452.84495,14.438,0.003
6452.85879,14.436,0.003
6452.87231,14.432,0.003
6452.88582,14.434,0.003
6452.90177,14.441,0.003
6452.91354,14.440,0.003
6452.92513,14.441,0.003
6454.54623,14.437,0.003
6454.55768,14.438,0.003
6454.56959,14.440,0.003
6454.58182,14.440,0.003
6454.59372,14.434,0.003
6454.60566,14.436,0.003
6454.61951,14.436,0.003
6454.63292,14.435,0.003
6454.64657,14.438,0.003
6454.65998,14.436,0.003
6454.67361,14.438,0.003
6454.69664,14.433,0.003
6454.71075,14.437,0.003
6454.73511,14.435,0.003
6454.74964,14.437,0.003
6454.76321,14.436,0.003
6454.77676,14.433,0.003
6454.79031,14.437,0.003
6454.80434,14.438,0.003
6454.81788,14.437,0.003
6454.83144,14.433,0.003
6454.84482,14.434,0.003
6454.85847,14.442,0.003
6454.87198,14.439,0.003
6454.88585,14.438,0.003
6454.89930,14.439,0.003
6454.91271,14.433,0.003
6455.54228,14.431,0.003
6455.55422,14.433,0.003
6455.56450,14.434,0.003
6455.57670,14.435,0.003
6455.59283,14.433,0.003
6455.61397,14.435,0.003
6455.68200,14.440,0.003
6455.69953,14.433,0.003
6455.73306,14.438,0.003
6455.75059,14.436,0.003
6455.79977,14.436,0.003
6455.81726,14.441,0.003
6456.53724,14.436,0.003
6456.54959,14.439,0.003
6456.56000,14.436,0.003
6456.57184,14.435,0.003
6456.58560,14.434,0.003
6456.59907,14.439,0.003
6456.61322,14.434,0.003
6456.62675,14.435,0.003
6456.64025,14.436,0.003
6456.65387,14.441,0.003
6456.67756,14.439,0.003
6456.69188,14.443,0.003
6456.71650,14.433,0.003
6456.73042,14.442,0.003
6456.74414,14.434,0.003
6456.75825,14.432,0.003
6456.77190,14.438,0.003
6456.78543,14.440,0.003
6456.79905,14.431,0.003
6456.81253,14.431,0.003
6456.82642,14.436,0.003
6456.87506,14.435,0.003
6456.88848,14.441,0.003
6456.90361,14.435,0.003
6456.91535,14.438,0.003
6457.66370,14.433,0.003
6457.69594,14.437,0.003
6457.71982,14.434,0.003
6457.73592,14.438,0.003
6457.75880,14.439,0.003
6457.77248,14.437,0.003
6457.78630,14.434,0.003
6457.79994,14.432,0.003
6457.81391,14.438,0.003
6457.82769,14.431,0.003
6457.84133,14.438,0.003
6457.85488,14.436,0.003
6457.86835,14.436,0.003
6457.88185,14.433,0.003
6457.89712,14.447,0.003
6457.90915,14.441,0.003
6458.53895,14.442,0.003
6458.55601,14.442,0.003
6458.56969,14.444,0.003
6458.58330,14.437,0.003
6458.59725,14.443,0.003
6458.61094,14.443,0.003
6458.62498,14.439,0.003
6458.63847,14.434,0.003
6458.65225,14.438,0.003
6458.66559,14.437,0.003
6458.67908,14.437,0.003
6458.70285,14.438,0.003
6458.71658,14.438,0.003
6458.73169,14.444,0.003
6458.75467,14.439,0.003
6458.76831,14.438,0.003
6458.78235,14.429,0.003
6458.79588,14.434,0.003
6458.80937,14.437,0.003
6458.82283,14.439,0.003
6458.83675,14.434,0.003
6458.85018,14.430,0.003
6458.86420,14.433,0.003
6458.87780,14.435,0.003
6458.89305,14.438,0.003
6458.90809,14.445,0.003
6459.53183,14.444,0.003
6459.54384,14.430,0.003
6459.55591,14.433,0.003
6459.56446,14.435,0.003
6459.58154,14.438,0.003
6459.59364,14.439,0.003
6459.60600,14.429,0.003
6459.61957,14.435,0.003
6459.63318,14.439,0.003
6459.64678,14.436,0.003
6459.66160,14.435,0.003
6459.68501,14.434,0.003
6459.71100,14.441,0.003
6459.72627,14.441,0.003
6459.74101,14.439,0.003
6459.75502,14.434,0.003
6459.76840,14.436,0.003
6459.78186,14.435,0.003
6459.79590,14.437,0.003
6459.80936,14.432,0.003
6459.82295,14.439,0.003
6459.83699,14.438,0.003
6459.85046,14.440,0.003
6459.86385,14.439,0.003
6459.87938,14.433,0.003
6459.89117,14.438,0.003
6459.90458,14.437,0.003
6460.56629,14.440,0.003
6460.58880,14.439,0.003
6460.60793,14.436,0.003
6460.62145,14.439,0.003
6460.64017,14.438,0.003
6460.66329,14.441,0.003
6460.69201,14.433,0.003
6460.71365,14.441,0.003
6460.74815,14.436,0.003
6460.77019,14.438,0.003
6460.78629,14.438,0.003
6460.83179,14.435,0.003
6460.85939,14.435,0.003
6460.88181,14.435,0.003
6460.89925,14.437,0.003
6461.53289,14.436,0.003
6461.55150,14.437,0.003
6461.56544,14.433,0.003
6461.57918,14.432,0.003
6461.59381,14.435,0.003
6461.60715,14.437,0.003
6461.62060,14.441,0.003
6461.63407,14.434,0.003
6461.64869,14.437,0.003
6461.66540,14.436,0.003
6461.68243,14.437,0.003
6461.69758,14.433,0.003
6461.72219,14.432,0.003
6461.74779,14.437,0.003
6461.76373,14.436,0.003
6461.78166,14.438,0.003
6461.79978,14.438,0.003
6461.81615,14.436,0.003
6461.83508,14.436,0.003
6461.85286,14.438,0.003
6461.86832,14.439,0.003
6461.88544,14.436,0.003
6461.90092,14.434,0.003
6462.57548,14.436,0.003
6462.60219,14.430,0.003
6462.61866,14.435,0.003
6462.63227,14.436,0.003
6462.64565,14.428,0.003
6462.65972,14.437,0.003
6462.68314,14.437,0.003
6462.69747,14.439,0.003
6462.79561,14.433,0.003
6462.81129,14.439,0.003
6462.82472,14.437,0.003
6462.83826,14.435,0.003
6462.85221,14.442,0.003
6462.86564,14.439,0.003
6462.87910,14.435,0.003
6462.89240,14.446,0.003
6463.51737,14.439,0.003
6463.53772,14.436,0.003
6463.54860,14.437,0.003
6463.55927,14.436,0.003
6463.57155,14.441,0.003
6463.58524,14.434,0.003
6463.59871,14.437,0.003
6463.61280,14.434,0.003
6463.62618,14.437,0.003
6463.63992,14.433,0.003
6463.65357,14.438,0.003
6463.67775,14.436,0.003
6463.69404,14.432,0.003
6463.72157,14.435,0.003
6463.73509,14.433,0.003
6463.74870,14.432,0.003
6463.76290,14.432,0.003
6463.77629,14.437,0.003
6463.78967,14.437,0.003
6463.80392,14.435,0.003
6463.81781,14.433,0.003
6463.83120,14.435,0.003
6463.84479,14.437,0.003
6463.85835,14.435,0.003
6463.87541,14.439,0.003
6463.88877,14.438,0.003
6464.55653,14.433,0.003
6464.56765,14.441,0.003
6464.57980,14.434,0.003
6464.59362,14.438,0.003
6464.60748,14.441,0.003
6464.62100,14.437,0.003
6464.63444,14.439,0.003
6464.64789,14.434,0.003
6464.66164,14.436,0.003
6464.67545,14.433,0.003
6464.69475,14.432,0.003
6464.71955,14.433,0.003
6464.73358,14.440,0.003
6464.74773,14.431,0.003
6464.77097,14.434,0.003
6464.78507,14.436,0.003
6464.79860,14.433,0.003
6464.81241,14.432,0.003
6464.82657,14.433,0.003
6464.84021,14.433,0.003
6464.85383,14.438,0.003
6464.86934,14.430,0.003
6464.88271,14.434,0.003
6468.52401,14.435,0.003
6468.53898,14.440,0.003
6468.55268,14.434,0.003
6468.56701,14.437,0.003
6468.58031,14.437,0.003
6468.59366,14.432,0.003
6468.60708,14.434,0.003
6468.62070,14.435,0.003
6468.63465,14.434,0.003
6468.64827,14.432,0.003
6468.66426,14.437,0.003
6468.69792,14.434,0.003
6468.70340,14.435,0.003
6468.72035,14.444,0.003
6468.73429,14.431,0.003
6468.74779,14.432,0.003
6468.77078,14.439,0.003
6468.79397,14.430,0.003
6468.80755,14.432,0.003
6468.82110,14.436,0.003
6469.49957,14.438,0.003
6469.52200,14.444,0.003
6469.53544,14.435,0.003
6469.54903,14.440,0.003
6469.56262,14.434,0.003
6469.57588,14.434,0.003
6469.58924,14.437,0.003
6469.60270,14.438,0.003
6469.61598,14.437,0.003
6469.62940,14.431,0.003
6469.65500,14.436,0.003
6469.67942,14.434,0.003
6469.69449,14.437,0.003
6469.70932,14.438,0.003
6469.72300,14.431,0.003
6469.73641,14.433,0.003
6469.75001,14.431,0.003
6469.76338,14.435,0.003
6469.77680,14.437,0.003
6469.80236,14.429,0.003
6469.82282,14.436,0.003
6469.83622,14.433,0.003
6469.84950,14.436,0.003
6469.86546,14.442,0.003
6469.87597,14.439,0.003
6471.56188,14.440,0.003
6471.60153,14.444,0.003
6471.61552,14.443,0.003
6471.62888,14.446,0.003
6471.64269,14.437,0.003
6471.65758,14.438,0.003
6471.75215,14.439,0.003
6471.77270,14.442,0.003
6471.79036,14.442,0.003
6471.80816,14.437,0.003
6471.83980,14.437,0.003
6472.59790,14.443,0.003
6472.61329,14.449,0.003
6472.62866,14.437,0.003
6472.63740,14.438,0.003
6472.65089,14.438,0.003
6472.66428,14.440,0.003
6472.68966,14.442,0.003
6472.70370,14.445,0.003
6472.72764,14.437,0.003
6472.74176,14.436,0.003
6472.75531,14.435,0.003
6472.76885,14.440,0.003
6472.78239,14.437,0.003
6472.79588,14.436,0.003
6472.80932,14.440,0.003
6472.82299,14.430,0.003
6472.83650,14.440,0.003
6472.85013,14.440,0.003
6472.86218,14.444,0.003
6473.53331,14.442,0.003
6473.54759,14.438,0.003
6473.56126,14.435,0.003
6473.57450,14.440,0.003
6473.58986,14.436,0.003
6473.60322,14.438,0.003
6473.61658,14.431,0.003
6473.63020,14.437,0.003
6473.64370,14.437,0.003
6473.65762,14.439,0.003
6473.68211,14.429,0.003
6473.69632,14.437,0.003
6473.71969,14.433,0.003
6473.73315,14.432,0.003
6473.74688,14.432,0.003
6473.76037,14.433,0.003
6473.77418,14.436,0.003
6473.78791,14.436,0.003
6473.80124,14.439,0.003
6473.81458,14.437,0.003
6473.82814,14.439,0.003
6473.84161,14.442,0.003
6473.85520,14.439,0.003
6473.86699,14.442,0.003
6473.87697,14.439,0.003
6474.49219,14.444,0.003
6474.50576,14.431,0.003
6474.52011,14.436,0.003
6474.53671,14.446,0.003
6474.55020,14.440,0.003
6474.56356,14.439,0.003
6474.57690,14.438,0.003
6474.59540,14.444,0.003
6474.60889,14.440,0.003
6474.62224,14.440,0.003
6474.63583,14.443,0.003
6474.64926,14.440,0.003
6474.66294,14.438,0.003
6474.67976,14.434,0.003
6474.69338,14.428,0.003
6474.71777,14.434,0.003
6474.73154,14.433,0.003
6474.75432,14.439,0.003
6474.76759,14.442,0.003
6474.78110,14.434,0.003
6474.79457,14.436,0.003
6474.80789,14.437,0.003
6474.82148,14.438,0.003
6474.83477,14.439,0.003
6474.84811,14.433,0.003
6474.86184,14.429,0.003
6474.87389,14.443,0.003
6475.48388,14.436,0.003
6475.49726,14.427,0.003
6475.51226,14.440,0.003
6475.52572,14.434,0.003
6475.54011,14.434,0.003
6475.55541,14.438,0.003
6475.56879,14.438,0.003
6475.58579,14.442,0.003
6475.60438,14.440,0.003
6475.62998,14.436,0.003
6475.64715,14.438,0.003
6475.66588,14.434,0.003
6475.68103,14.435,0.003
6475.69875,14.435,0.003
6475.71667,14.429,0.003
6475.73021,14.437,0.003
6475.74366,14.429,0.003
6475.75709,14.431,0.003
6475.77053,14.434,0.003
6475.78416,14.436,0.003
6475.79914,14.432,0.003
6475.81261,14.443,0.003
6475.82598,14.438,0.003
6475.83948,14.444,0.003
6475.85377,14.444,0.003
6475.86723,14.445,0.003
6476.48231,14.438,0.003
6476.49674,14.428,0.003
6476.51061,14.433,0.003
6476.52393,14.435,0.003
6476.53745,14.435,0.003
6476.55114,14.438,0.003
6476.56464,14.441,0.003
6476.57826,14.438,0.003
6476.59199,14.444,0.003
6476.60568,14.437,0.003
6476.61967,14.437,0.003
6476.64301,14.440,0.003
6476.67002,14.438,0.003
6476.68516,14.437,0.003
6476.69904,14.431,0.003
6476.71263,14.438,0.003
6476.72596,14.436,0.003
6476.73974,14.432,0.003
6476.75323,14.431,0.003
6476.76676,14.433,0.003
6476.78033,14.437,0.003
6476.79380,14.439,0.003
6476.80729,14.434,0.003
6476.82101,14.440,0.003
6476.83460,14.441,0.003
6477.51408,14.439,0.003
6477.52751,14.443,0.003
6477.54103,14.432,0.003
6477.55490,14.440,0.003
6477.56867,14.440,0.003
6477.58231,14.438,0.003
6477.59576,14.433,0.003
6477.60936,14.443,0.003
6477.62322,14.433,0.003
6477.64771,14.439,0.003
6477.67285,14.436,0.003
6477.68881,14.436,0.003
6477.70242,14.434,0.003
6477.71597,14.433,0.003
6477.72980,14.437,0.003
6477.74313,14.434,0.003
6477.75651,14.434,0.003
6477.77018,14.439,0.003
6477.78375,14.437,0.003
6477.79739,14.438,0.003
6477.81160,14.441,0.003
6477.82564,14.446,0.003
6478.51194,14.434,0.003
6478.52808,14.436,0.003
6478.54165,14.445,0.003
6478.55526,14.437,0.003
6478.56859,14.438,0.003
6478.58194,14.446,0.003
6478.59530,14.436,0.003
6478.60877,14.439,0.003
6478.63311,14.436,0.003
6478.64845,14.427,0.003
6478.66357,14.435,0.003
6478.79736,14.437,0.003
6479.56309,14.445,0.003
6479.57666,14.437,0.003
6479.59048,14.440,0.003
6479.60402,14.430,0.003
6479.61741,14.436,0.003
6479.63091,14.435,0.003
6479.64570,14.439,0.003
6479.67117,14.437,0.003
6479.68603,14.434,0.003
6479.70017,14.444,0.003
6479.72301,14.445,0.003
6479.74435,14.447,0.003
6479.75806,14.435,0.003
6479.78580,14.438,0.003
6479.79117,14.442,0.003
6479.80905,14.444,0.003
6479.82273,14.439,0.003
6479.83673,14.446,0.003
6479.84730,14.452,0.003
6480.52863,14.444,0.003
6480.54298,14.435,0.003
6480.55638,14.445,0.003
6480.57210,14.436,0.003
6480.58564,14.443,0.003
6480.59910,14.435,0.003
6480.61266,14.436,0.003
6480.62626,14.440,0.003
6480.65001,14.442,0.003
6480.67513,14.430,0.003
6480.68851,14.432,0.003
6480.70196,14.438,0.003
6480.71529,14.441,0.003
6480.72892,14.435,0.003
6480.74238,14.432,0.003
6480.75603,14.439,0.003
6480.76949,14.436,0.003
6480.78285,14.438,0.003
6480.79756,14.436,0.003
6480.81109,14.440,0.003
6480.82459,14.444,0.003
6481.46875,14.449,0.003
6481.48085,14.441,0.003
6481.49427,14.437,0.003
6481.50819,14.446,0.003
6481.52203,14.442,0.003
6481.53560,14.439,0.003
6481.55128,14.439,0.003
6481.56508,14.440,0.003
6481.57869,14.434,0.003
6481.59281,14.444,0.003
6481.60713,14.441,0.003
6481.62183,14.433,0.003
6481.63701,14.439,0.003
6481.71040,14.437,0.003
6481.72386,14.439,0.003
6481.73769,14.431,0.003
6481.75137,14.439,0.003
6481.76619,14.436,0.003
6481.78025,14.436,0.003
6481.79513,14.435,0.003
6481.80865,14.440,0.003
6481.82211,14.437,0.003
6482.75160,14.441,0.003
6482.76849,14.437,0.003
6482.78199,14.445,0.003
6482.79880,14.449,0.003
6483.58123,14.430,0.003
6483.59481,14.433,0.003
6483.60807,14.434,0.003
6483.63420,14.435,0.003
6483.77626,14.448,0.003
6483.81052,14.443,0.003
6483.82385,14.452,0.003
6484.46441,14.444,0.003
6484.47848,14.439,0.003
6484.49190,14.443,0.003
6484.50542,14.435,0.003
6484.51887,14.441,0.003
6484.53238,14.444,0.003
6484.54618,14.438,0.003
6484.55964,14.436,0.003
6485.46863,14.436,0.003
6485.47735,14.447,0.003
6485.49218,14.439,0.003
6485.50613,14.440,0.003
6485.52320,14.435,0.003
6485.55292,14.446,0.003
6485.56889,14.439,0.003
6485.59218,14.439,0.003
6485.63325,14.430,0.003
6485.65838,14.436,0.003
6485.68287,14.433,0.003
6485.69639,14.434,0.003
6485.71000,14.439,0.003
6485.72406,14.436,0.003
6485.73751,14.436,0.003
6485.75631,14.435,0.003
6485.76975,14.439,0.003
6485.78528,14.439,0.003
6485.80174,14.436,0.003
6485.81532,14.442,0.003
6485.83352,14.435,0.003
6486.46895,14.435,0.003
6486.48401,14.440,0.003
6486.49779,14.432,0.003
6486.51143,14.436,0.003
6486.52535,14.441,0.003
6486.53921,14.438,0.003
6486.55775,14.435,0.003
6486.57158,14.430,0.003
6486.58542,14.433,0.003
6486.60307,14.428,0.003
6486.62276,14.435,0.003
6486.64755,14.431,0.003
6486.66888,14.436,0.003
6486.69243,14.436,0.003
6486.70656,14.433,0.003
6486.72176,14.439,0.003
6486.73523,14.432,0.003
6486.75243,14.435,0.003
6486.76615,14.435,0.003
6486.78206,14.438,0.003
6486.79556,14.437,0.003
6486.80890,14.440,0.003
6486.82560,14.439,0.003
6487.46388,14.432,0.003
6487.47922,14.440,0.003
6487.49275,14.433,0.003
6487.50806,14.439,0.003
6487.52201,14.434,0.003
6487.53566,14.442,0.003
6487.55416,14.436,0.003
6487.56794,14.435,0.003
6487.58147,14.432,0.003
6487.59528,14.438,0.003
6487.62020,14.433,0.003
6487.64470,14.433,0.003
6487.66808,14.440,0.003
6487.68169,14.430,0.003
6487.69520,14.433,0.003
6487.70886,14.436,0.003
6487.72315,14.436,0.003
6487.73891,14.437,0.003
6487.75257,14.434,0.003
6487.76635,14.439,0.003
6487.78140,14.434,0.003
6487.79787,14.439,0.003
6487.81139,14.438,0.003
6489.50266,14.454,0.003
6489.51601,14.451,0.003
6489.53107,14.437,0.003
6489.54457,14.437,0.003
6489.55822,14.439,0.003
6489.57369,14.437,0.003
6489.58707,14.435,0.003
6489.60404,14.434,0.003
6489.63155,14.433,0.003
6489.64701,14.431,0.003
6489.67018,14.437,0.003
6489.68545,14.437,0.003
6489.69889,14.439,0.003
6489.71240,14.432,0.003
6489.72743,14.433,0.003
6489.74116,14.442,0.003
6489.75913,14.434,0.003
6489.77685,14.442,0.003
6489.79327,14.439,0.003
6490.46192,14.435,0.003
6490.47540,14.430,0.003
6490.48929,14.428,0.003
6490.50313,14.437,0.003
6490.51658,14.434,0.003
6490.53003,14.437,0.003
6490.54370,14.442,0.003
6490.55724,14.438,0.003
6490.57124,14.435,0.003
6490.58481,14.438,0.003
6490.61526,14.432,0.003
6490.63041,14.435,0.003
6490.64529,14.434,0.003
6490.65895,14.437,0.003
6490.67631,14.432,0.003
6490.68995,14.435,0.003
6490.70329,14.433,0.003
6490.71697,14.436,0.003
6490.73040,14.437,0.003
6490.74396,14.435,0.003
6490.76103,14.430,0.003
6490.77469,14.439,0.003
6490.80601,14.434,0.003
6491.46671,14.434,0.003
6491.48046,14.431,0.003
6491.49390,14.431,0.003
6491.50974,14.438,0.003
6491.52344,14.440,0.003
6491.53948,14.441,0.003
6491.55475,14.440,0.003
6491.58512,14.432,0.003
6491.59936,14.431,0.003
6491.61497,14.434,0.003
6491.64240,14.437,0.003
6491.66575,14.441,0.003
6491.68631,14.433,0.003
6491.70016,14.434,0.003
6491.71356,14.435,0.003
6491.72859,14.434,0.003
6491.74202,14.435,0.003
6491.75559,14.438,0.003
6491.77089,14.433,0.003
6491.78444,14.433,0.003
6491.80064,14.436,0.003
6491.81402,14.433,0.003
6492.46852,14.435,0.003
6492.48280,14.435,0.003
6492.49871,14.440,0.003
6492.51575,14.429,0.003
6492.52996,14.437,0.003
6492.54526,14.433,0.003
6492.56058,14.435,0.003
6492.57799,14.441,0.003
6492.59551,14.432,0.003
6492.61071,14.439,0.003
6492.63889,14.437,0.003
6492.66045,14.435,0.003
6492.67407,14.437,0.003
6492.68880,14.434,0.003
6492.69758,14.440,0.003
6492.71164,14.431,0.003
6492.72021,14.428,0.003
6492.73232,14.434,0.003
6492.74755,14.434,0.003
6492.75702,14.433,0.003
6492.77609,14.437,0.003
6492.79149,14.444,0.003
6496.47040,14.445,0.003
6496.48396,14.440,0.003
6496.49757,14.438,0.003
6496.51119,14.442,0.003
6496.52445,14.433,0.003
6496.53766,14.435,0.003
6496.55101,14.435,0.003
6496.56440,14.437,0.003
6496.57799,14.436,0.003
6496.59180,14.440,0.003
6496.62500,14.445,0.003
6496.64273,14.438,0.003
6496.77471,14.442,0.003
6497.55054,14.433,0.003
6497.56394,14.436,0.003
6497.57734,14.444,0.003
6497.59122,14.449,0.003
6497.60476,14.436,0.003
6497.62014,14.447,0.003
6497.64337,14.440,0.003
6497.66004,14.444,0.003
6497.68032,14.443,0.003
6497.69397,14.443,0.003
6497.70769,14.440,0.003
6497.72148,14.440,0.003
6497.73528,14.444,0.003
6497.74885,14.436,0.003
6497.76220,14.437,0.003
6497.77598,14.437,0.003
6497.79748,14.435,0.003
6498.46629,14.439,0.003
6498.48071,14.436,0.003
6498.49530,14.438,0.003
6498.50977,14.435,0.003
6498.52436,14.436,0.003
6498.53838,14.437,0.003
6498.55469,14.438,0.003
6498.56907,14.438,0.003
6498.58308,14.439,0.003
6498.59876,14.432,0.003
6498.61481,14.435,0.003
6498.63203,14.432,0.003
6498.64631,14.435,0.003
6498.66085,14.433,0.003
6498.67505,14.439,0.003
6498.68927,14.440,0.003
6498.70367,14.435,0.003
6498.71851,14.436,0.003
6498.73265,14.437,0.003
6498.74673,14.438,0.003
6498.76068,14.434,0.003
6498.77821,14.443,0.003
6498.78856,14.440,0.003
6499.46620,14.442,0.003
6499.48023,14.439,0.003
6499.49451,14.441,0.003
6499.50929,14.436,0.003
6499.52402,14.435,0.003
6499.53844,14.450,0.003
6499.55223,14.455,0.003
6499.56700,14.454,0.003
6499.58203,14.455,0.003
6500.52214,14.445,0.003
6500.53635,14.441,0.003
6500.55100,14.435,0.003
6500.56603,14.442,0.003
6500.60025,14.412,0.003
6500.64672,14.453,0.003
6500.66319,14.439,0.003
6500.67766,14.441,0.003
6500.69335,14.446,0.003
6500.70707,14.440,0.003
6500.72125,14.437,0.003
6500.75907,14.435,0.003
6501.51978,14.437,0.003
6501.53337,14.447,0.003
6501.55641,14.440,0.003
6501.57006,14.441,0.003
6501.59503,14.441,0.003
6501.61703,14.442,0.003
6501.63489,14.434,0.003
6501.64854,14.438,0.003
6501.66238,14.439,0.003
6501.67630,14.432,0.003
6501.69006,14.433,0.003
6501.70488,14.436,0.003
6501.71875,14.441,0.003
6501.73359,14.444,0.003
6501.74781,14.445,0.003
6501.76157,14.446,0.003
6501.77631,14.444,0.003
6501.78624,14.441,0.003
6502.64426,14.440,0.003
6504.62087,14.448,0.003
6504.64780,14.459,0.003
6504.66484,14.457,0.003
6504.67828,14.456,0.003
6504.69174,14.463,0.003
6504.70615,14.459,0.003
6504.72076,14.461,0.003
6504.73449,14.455,0.003
6504.74847,14.436,0.003
6505.47228,14.441,0.003
6505.48585,14.436,0.003
6505.50923,14.443,0.003
6505.53206,14.437,0.003
6505.54690,14.441,0.003
6505.56068,14.437,0.003
6505.57664,14.435,0.003
6505.59365,14.437,0.003
6505.62072,14.443,0.003
6505.63445,14.436,0.003
6505.64800,14.442,0.003
6505.66160,14.441,0.003
6505.67518,14.444,0.003
6505.68896,14.448,0.003
6505.70332,14.439,0.003
6505.71686,14.442,0.003
6505.73126,14.443,0.003
6505.74546,14.442,0.003
6505.75972,14.443,0.003
6505.77254,14.446,0.003
6505.78482,14.433,0.003
6505.79077,14.450,0.003
6506.47587,14.440,0.003
6506.55064,14.437,0.003
6506.56541,14.445,0.003
6506.58338,14.444,0.003
6506.59921,14.444,0.003
6506.64585,14.443,0.003
6506.65955,14.454,0.003
6506.68288,14.443,0.003
6506.70668,14.446,0.003
6506.72122,14.409,0.003
6506.73494,14.442,0.003
6506.74856,14.440,0.003
6506.76233,14.439,0.003
6507.62302,14.439,0.003
6507.63673,14.444,0.003
6507.66229,14.441,0.003
6507.68169,14.442,0.003
6507.70570,14.430,0.003
6507.72011,14.437,0.003
6507.73366,14.444,0.003
6507.75671,14.445,0.003
6508.47891,14.439,0.003
6508.49238,14.443,0.003
6508.51510,14.437,0.003
6508.53784,14.436,0.003
6508.55151,14.437,0.003
6508.56646,14.437,0.003
6508.58180,14.434,0.003
6508.60091,14.434,0.003
6508.61459,14.434,0.003
6508.62887,14.436,0.003
6508.64273,14.435,0.003
6508.65669,14.438,0.003
6508.67083,14.441,0.003
6508.68465,14.438,0.003
6508.69832,14.436,0.003
6508.71292,14.434,0.003
6508.74482,14.440,0.003
6508.75822,14.436,0.003
6508.77263,14.437,0.003
6509.50533,14.431,0.003
6509.51972,14.435,0.003
6509.54252,14.435,0.003
6509.56631,14.438,0.003
6509.58021,14.433,0.003
6509.59437,14.438,0.003
6509.60840,14.435,0.003
6509.62215,14.438,0.003
6509.63638,14.436,0.003
6509.65013,14.435,0.003
6509.66382,14.434,0.003
6509.67773,14.438,0.003
6509.69158,14.444,0.003
6509.70516,14.452,0.003
6509.72025,14.454,0.003
6509.73414,14.462,0.003
6509.74778,14.461,0.003
6509.76165,14.456,0.003
6510.47266,14.432,0.003
6510.48619,14.436,0.003
6510.51200,14.431,0.003
6510.53518,14.432,0.003
6510.54896,14.430,0.003
6510.56383,14.435,0.003
6510.58039,14.435,0.003
6510.59576,14.432,0.003
6510.61038,14.437,0.003
6510.62436,14.433,0.003
6510.63847,14.437,0.003
6510.65244,14.436,0.003
6510.69455,14.437,0.003
6510.70836,14.436,0.003
6510.72261,14.445,0.003
6510.73637,14.438,0.003
6510.75065,14.443,0.003
6511.47254,14.435,0.003
6511.48618,14.440,0.003
6511.51686,14.435,0.003
6511.54047,14.433,0.003
6511.56562,14.438,0.003
6511.59494,14.435,0.003
6511.61086,14.437,0.003
6511.63437,14.435,0.003
6511.65006,14.441,0.003
6511.66592,14.432,0.003
6511.68396,14.440,0.003
6511.69977,14.439,0.003
6511.71529,14.435,0.003
6511.73538,14.436,0.003
6511.75259,14.433,0.003
6512.71770,14.440,0.003
6512.73136,14.438,0.003
6512.74557,14.443,0.003
6514.47364,14.438,0.003
6514.49187,14.434,0.003
6514.51503,14.438,0.003
6514.53488,14.441,0.003
6514.56307,14.440,0.003
6514.58832,14.437,0.003
6514.61942,14.439,0.003
6514.63546,14.437,0.003
6514.65378,14.433,0.003
6514.67033,14.435,0.003
6514.69248,14.437,0.003
6514.70890,14.433,0.003
6514.72544,14.438,0.003
6514.74678,14.433,0.003
6515.47244,14.440,0.003
6515.48808,14.432,0.003
6515.50409,14.431,0.003
6515.54032,14.442,0.003
6515.55834,14.434,0.003
6515.58964,14.434,0.003
6515.60597,14.434,0.003
6515.62174,14.435,0.003
6515.64299,14.436,0.003
6515.66983,14.435,0.003
6515.71059,14.439,0.003
6515.72989,14.439,0.003
6515.74897,14.434,0.003
6516.47563,14.439,0.003
6516.49264,14.435,0.003
6516.51539,14.438,0.003
6516.54487,14.438,0.003
6516.56885,14.432,0.003
6516.59783,14.434,0.003
6516.61345,14.430,0.003
6516.62979,14.440,0.003
6516.64963,14.439,0.003
6516.66769,14.439,0.003
6516.68471,14.440,0.003
6518.48530,14.440,0.003
6518.51095,14.438,0.003
6518.53666,14.441,0.003
6518.55722,14.435,0.003
6518.57366,14.432,0.003
6518.59435,14.439,0.003
6518.61042,14.435,0.003
6518.62598,14.435,0.003
6518.64162,14.438,0.003
6518.65741,14.435,0.003
6518.67320,14.437,0.003
6518.68922,14.439,0.003
6518.70561,14.440,0.003
6518.71941,14.436,0.003
6519.47732,14.433,0.003
6519.49103,14.440,0.003
6519.50689,14.441,0.003
6519.54486,14.436,0.003
6519.56318,14.437,0.003
6519.57870,14.440,0.003
6519.59476,14.433,0.003
6519.61189,14.439,0.003
6519.62688,14.441,0.003
6519.64745,14.435,0.003
6519.66339,14.435,0.003
6519.67921,14.442,0.003
6519.69490,14.437,0.003
6519.71079,14.440,0.003
6519.72621,14.439,0.003
6523.48479,14.441,0.003
6523.49915,14.437,0.003
6523.52416,14.439,0.003
6523.53709,14.443,0.003
6523.54955,14.435,0.003
6523.56175,14.436,0.003
6523.57346,14.432,0.003
6523.58710,14.434,0.003
6523.59906,14.434,0.003
6523.61250,14.432,0.003
6523.62617,14.431,0.003
6523.63974,14.435,0.003
6523.65319,14.434,0.003
6523.66676,14.439,0.003
6523.68018,14.441,0.003
6523.69460,14.432,0.003
6523.70872,14.440,0.003
6524.48461,14.431,0.003
6524.49993,14.431,0.003
6524.51604,14.435,0.003
6524.53256,14.435,0.003
6524.54865,14.433,0.003
6524.56459,14.441,0.003
6524.58085,14.434,0.003
6524.59730,14.438,0.003
6524.61284,14.436,0.003
6524.62922,14.439,0.003
6524.64512,14.440,0.003
6524.66148,14.439,0.003
6525.48529,14.440,0.003
6525.50154,14.440,0.003
6525.51885,14.433,0.003
6525.53522,14.438,0.003
6525.55089,14.428,0.003
6525.56661,14.436,0.003
6525.58243,14.436,0.003
6525.60296,14.431,0.003
6525.61872,14.437,0.003
6525.63812,14.436,0.003
6525.65357,14.438,0.003
6525.66897,14.436,0.003
6526.62870,14.436,0.003
6526.64393,14.437,0.003
6526.66043,14.441,0.003
6526.67596,14.437,0.003
6526.69119,14.433,0.003
6527.56526,14.436,0.003
6527.59235,14.440,0.003
6527.61784,14.431,0.003
6528.56372,14.434,0.003
6529.52509,14.440,0.003
6529.54995,14.436,0.003
6529.56610,14.442,0.003
6529.58038,14.439,0.003
6529.59401,14.442,0.003
6529.60754,14.446,0.003
6529.62291,14.439,0.003
6529.63660,14.443,0.003
6529.65042,14.444,0.003
6529.66588,14.444,0.003
6530.66010,14.429,0.003
6531.47453,14.434,0.003
6531.48970,14.441,0.003
6531.50357,14.438,0.003
6531.53366,14.441,0.003
6531.56195,14.443,0.003
6531.57950,14.438,0.003
6531.59542,14.439,0.003
6531.61122,14.440,0.003
6531.62703,14.439,0.003
6531.64291,14.441,0.003
6531.65833,14.438,0.003
6531.67506,14.432,0.003
6532.47627,14.432,0.003
6532.48989,14.442,0.003
6532.50513,14.438,0.003
6532.53205,14.438,0.003
6532.55930,14.440,0.003
6532.57538,14.440,0.003
6532.59148,14.438,0.003
6532.60912,14.429,0.003
6532.63495,14.433,0.003
6532.65467,14.438,0.003
6532.67049,14.442,0.003
6533.48729,14.437,0.003
6533.50236,14.436,0.003
6533.52063,14.439,0.003
6533.54620,14.440,0.003
6533.57329,14.434,0.003
6533.59115,14.444,0.003
6533.60670,14.440,0.003
6533.63215,14.437,0.003
6533.65224,14.440,0.003
6534.50435,14.440,0.003
6534.51966,14.436,0.003
6534.54420,14.439,0.003
6534.56702,14.438,0.003
6534.58074,14.437,0.003
6534.59512,14.440,0.003
6534.60843,14.439,0.003
6534.62206,14.437,0.003
6534.63541,14.434,0.003
6534.65132,14.440,0.003
6535.48817,14.449,0.003
6535.49053,14.436,0.003
6535.52536,14.443,0.003
6535.58178,14.432,0.003
6535.60074,14.446,0.003
6536.47124,14.438,0.003
6536.48538,14.440,0.003
6536.50344,14.437,0.003
6536.53181,14.433,0.003
6536.56308,14.433,0.003
6536.58569,14.435,0.003
6536.59922,14.441,0.003
6536.61358,14.434,0.003
6536.62823,14.439,0.003
6537.65041,14.440,0.003
6538.48554,14.435,0.003
6538.51276,14.439,0.003
6538.52621,14.438,0.003
6538.54992,14.435,0.003
6538.56544,14.398,0.003
6538.58087,14.442,0.003
6538.59440,14.434,0.003
6538.60783,14.431,0.003
6539.47715,14.436,0.003
6539.49718,14.432,0.003
6539.51475,14.435,0.003
6539.52848,14.433,0.003
6539.54220,14.433,0.003
6539.55704,14.435,0.003
6539.57720,14.445,0.003
6539.60061,14.436,0.003
6539.61773,14.429,0.003
6539.63674,14.436,0.003
6539.65873,14.443,0.003
6539.67467,14.441,0.003
6540.65223,14.445,0.003
6541.47397,14.441,0.003
6541.49261,14.438,0.003
6541.51073,14.435,0.003
6541.52434,14.439,0.003
6541.55368,14.421,0.003
6541.57050,14.437,0.003
6541.58804,14.436,0.003
6541.60157,14.443,0.003
6541.61617,14.438,0.003
6541.63398,14.447,0.003
6543.47690,14.441,0.003
6543.51621,14.437,0.003
6543.53000,14.434,0.003
6543.55370,14.439,0.003
6543.56702,14.436,0.003
6543.58146,14.443,0.003
6543.59865,14.436,0.003
6543.61220,14.441,0.003
6543.62579,14.442,0.003
6543.63921,14.444,0.003
6543.65258,14.444,0.003
6544.51732,14.440,0.003
6544.54110,14.438,0.003
6544.55461,14.439,0.003
6544.56791,14.443,0.003
6544.58169,14.438,0.003
6544.59752,14.437,0.003
6545.47981,14.437,0.003
6545.49767,14.437,0.003
6545.51156,14.434,0.003
6545.52535,14.426,0.003
6545.53954,14.438,0.003
6545.55350,14.437,0.003
6545.57043,14.442,0.003
6545.58456,14.434,0.003
6545.60204,14.440,0.003
6545.61634,14.437,0.003
6545.63031,14.438,0.003
6545.64439,14.440,0.003
6546.48105,14.440,0.003
6546.51924,14.426,0.003
6546.53751,14.435,0.003
6546.55503,14.435,0.003
6546.57254,14.440,0.003
6546.58970,14.441,0.003
6546.60724,14.444,0.003
6546.63222,14.446,0.003
6546.65309,14.442,0.003
6547.56533,14.436,0.003
6547.58454,14.445,0.003
6547.59906,14.437,0.003
6547.61244,14.435,0.003
6551.47985,14.437,0.003
6551.49361,14.436,0.003
6551.50934,14.434,0.003
6551.56957,14.443,0.003
6551.58310,14.438,0.003
6551.59975,14.439,0.003
6552.55138,14.439,0.003
6552.60368,14.442,0.003
6553.52495,14.443,0.003
6553.57856,14.432,0.003
6555.54105,14.432,0.003
6555.56603,14.448,0.003
6555.57938,14.440,0.003
6555.59283,14.430,0.003
6555.61772,14.440,0.003
6555.63100,14.436,0.003
6555.65015,14.434,0.003
6556.61430,14.439,0.003
6556.63590,14.446,0.003
6556.64526,14.442,0.003
6558.49241,14.435,0.003
6558.50927,14.445,0.003
6558.52296,14.438,0.003
6558.53651,14.438,0.003
6558.55025,14.437,0.003
6558.56353,14.442,0.003
6558.58028,14.436,0.003
6558.59399,14.445,0.003
6558.61644,14.440,0.003
6558.63366,14.442,0.003
6559.49063,14.440,0.003
6559.50882,14.442,0.003
6559.52236,14.442,0.003
6559.54920,14.442,0.003
6559.56261,14.444,0.003
6559.57600,14.438,0.003
6559.59918,14.443,0.003
6559.61537,14.445,0.003
6560.48341,14.459,0.003
6560.50084,14.463,0.003
6560.52328,14.462,0.003
6560.53681,14.459,0.003
6560.55358,14.454,0.003
6560.56695,14.443,0.003
6560.58358,14.436,0.003
6560.60291,14.442,0.003
6560.62276,14.441,0.003
6560.64145,14.445,0.003
6561.51064,14.438,0.003
6561.52734,14.440,0.003
6561.54073,14.441,0.003
6561.55428,14.439,0.003
6561.56774,14.436,0.003
6561.62145,14.439,0.003
6562.49588,14.441,0.003
6562.51274,14.442,0.003
6562.52617,14.439,0.003
6562.54304,14.438,0.003
6562.55648,14.441,0.003
6562.57326,14.438,0.003
6562.58998,14.441,0.003
6562.60340,14.434,0.003
6562.61674,14.432,0.003
6562.63077,14.444,0.003
6563.55551,14.444,0.003
6563.60132,14.442,0.003
6564.48607,14.438,0.003
6564.53474,14.432,0.003
6564.57942,14.440,0.003
6565.50643,14.443,0.003
6565.54720,14.457,0.003
6565.60142,14.460,0.003
6567.49735,14.446,0.003
6567.53567,14.442,0.003
6567.57782,14.450,0.003
6568.53151,14.440,0.003
6568.57232,14.440,0.003
6569.48180,14.435,0.003
6569.53170,14.433,0.003
6569.57270,14.441,0.003
6570.48606,14.440,0.003
6570.55056,14.444,0.003
6571.51733,14.438,0.003
6571.55863,14.441,0.003
6571.60493,14.449,0.003
6572.52142,14.439,0.003
6572.57973,14.438,0.003
6573.50165,14.442,0.003
6573.54235,14.435,0.003
6573.58901,14.444,0.003
6577.49119,14.446,0.003
6577.52556,14.444,0.003
6577.56935,14.435,0.003
6578.50808,14.437,0.003
6578.56308,14.434,0.003
6579.48783,14.444,0.003
6579.54707,14.435,0.003
6580.50818,14.436,0.003
6581.51535,14.438,0.003
6581.57192,14.440,0.003
6582.53415,14.437,0.003
6582.57615,14.446,0.003
6583.51077,14.437,0.003
6583.56644,14.439,0.003
6584.50620,14.437,0.003
6584.56827,14.435,0.003
6585.52516,14.433,0.003
6585.56486,14.441,0.003
6586.52756,14.438,0.003
6590.50994,14.443,0.003
6590.53375,14.443,0.003
6590.55428,14.441,0.003
6592.51421,14.443,0.003
6593.52177,14.447,0.003
6595.50845,14.441,0.003
6690.88263,14.438,0.003
6691.87817,14.436,0.003
6692.87971,14.437,0.003
6693.87182,14.431,0.003
6694.87314,14.436,0.003
6694.88784,14.433,0.003
6695.87801,14.433,0.003
6696.87101,14.435,0.003
6696.88362,14.429,0.003
6697.86749,14.436,0.003
6697.88020,14.436,0.003
6699.85341,14.442,0.003
6700.86551,14.431,0.003
6701.86901,14.431,0.003
6702.88400,14.436,0.003
6704.85704,14.439,0.003
6704.89119,14.433,0.003
6705.87166,14.440,0.003
6707.84738,14.446,0.003
6707.88617,14.432,0.003
6708.86086,14.414,0.003
6709.83963,14.437,0.003
6709.87223,14.436,0.003
6710.84519,14.430,0.003
6710.88841,14.436,0.003
6711.84142,14.434,0.003
6711.85492,14.445,0.003
6711.86973,14.436,0.003
6714.86452,14.440,0.003
6715.82045,14.440,0.003
6715.85884,14.441,0.003
6715.90213,14.438,0.003
6716.83966,14.448,0.003
6716.89417,14.433,0.003
6717.85216,14.461,0.003
6717.89750,14.438,0.003
6718.86675,14.435,0.003
6719.81061,14.431,0.003
6719.85958,14.437,0.003
6719.90535,14.438,0.003
6720.83511,14.439,0.003
6720.88199,14.434,0.003
6721.81686,14.440,0.003
6721.86082,14.447,0.003
6721.90559,14.438,0.003
6722.84252,14.455,0.003
6722.88967,14.457,0.003
6723.81360,14.441,0.003
6723.87044,14.434,0.003
6724.79762,14.433,0.003
6724.84844,14.446,0.003
6724.89350,14.444,0.003
6725.82297,14.441,0.003
6725.87276,14.441,0.003
6726.78752,14.440,0.003
6726.83539,14.442,0.003
6726.88461,14.440,0.003
6727.80193,14.438,0.003
6727.85173,14.439,0.003
6727.89730,14.435,0.003
6728.80635,14.441,0.003
6728.85873,14.438,0.003
6728.90203,14.439,0.003
6729.81111,14.435,0.003
6729.86149,14.441,0.003
6729.90525,14.438,0.003
6730.81246,14.441,0.003
6730.86091,14.440,0.003
6731.85615,14.435,0.003
6731.90497,14.436,0.003
6732.82050,14.440,0.003
6732.86769,14.434,0.003
6732.91088,14.435,0.003
6733.80613,14.439,0.003
6733.85297,14.432,0.003
6733.89647,14.437,0.003
6734.78768,14.437,0.003
6734.83932,14.429,0.003
6734.88337,14.434,0.003
6735.76469,14.438,0.003
6735.83122,14.440,0.003
6735.87629,14.447,0.003
6736.75867,14.446,0.003
6736.80599,14.434,0.003
6736.86031,14.430,0.003
6736.86247,14.436,0.003
6736.90588,14.436,0.003
6737.76905,14.439,0.003
6737.81387,14.432,0.003
6737.89188,14.440,0.003
6738.80111,14.446,0.003
6742.76764,14.441,0.003
6742.80918,14.437,0.003
6742.85402,14.435,0.003
6742.89707,14.443,0.003
6744.76892,14.448,0.003
6744.81790,14.440,0.003
6744.86323,14.430,0.003
6744.90719,14.442,0.003
6745.80022,14.437,0.003
6745.84358,14.435,0.003
6745.88679,14.441,0.003
6746.74368,14.447,0.003
6746.79207,14.438,0.003
6746.83704,14.440,0.003
6746.88018,14.437,0.003
6747.84624,14.441,0.003
6747.89380,14.435,0.003
6748.78258,14.442,0.003
6748.79860,14.437,0.003
6748.83990,14.438,0.003
6748.85596,14.440,0.003
6748.87964,14.435,0.003
6748.89393,14.445,0.003
6748.90944,14.435,0.003
6749.73250,14.447,0.003
6749.74485,14.447,0.003
6749.76107,14.416,0.003
6749.77735,14.440,0.003
6749.79340,14.439,0.003
6749.80756,14.440,0.003
6749.82194,14.438,0.003
6749.83621,14.444,0.003
6749.85052,14.442,0.003
6749.87401,14.443,0.003
6749.88848,14.438,0.003
6749.90330,14.440,0.003
6749.91975,14.438,0.003
6750.74908,14.446,0.003
6750.77042,14.439,0.003
6750.78561,14.448,0.003
6750.80597,14.446,0.003
6750.82553,14.437,0.003
6750.84323,14.433,0.003
6750.87400,14.432,0.003
6750.89005,14.438,0.003
6750.90868,14.434,0.003
6751.72782,14.445,0.003
6751.75849,14.446,0.003
6751.77465,14.434,0.003
6751.79999,14.436,0.003
6751.81808,14.436,0.003
6751.83409,14.441,0.003
6751.85045,14.435,0.003
6751.86482,14.438,0.003
6751.87954,14.435,0.003
6751.89622,14.436,0.003
6752.72142,14.455,0.003
6752.72928,14.440,0.003
6752.74199,14.448,0.003
6752.77309,14.443,0.003
6752.79145,14.441,0.003
6752.80765,14.438,0.003
6752.82245,14.439,0.003
6752.83673,14.441,0.003
6752.85131,14.441,0.003
6752.87560,14.431,0.003
6752.89146,14.443,0.003
6752.91128,14.433,0.003
6753.83490,14.445,0.003
6754.73186,14.446,0.003
6754.74610,14.454,0.003
6754.75423,14.449,0.003
6754.76722,14.450,0.003
6754.78161,14.443,0.003
6754.79594,14.443,0.003
6754.81033,14.440,0.003
6754.82543,14.443,0.003
6754.85237,14.441,0.003
6754.86803,14.445,0.003
6754.88857,14.446,0.003
6754.90349,14.438,0.003
6754.91832,14.451,0.003
6755.73421,14.449,0.003
6755.74366,14.441,0.003
6755.78317,14.450,0.003
6755.80059,14.437,0.003
6755.81693,14.442,0.003
6755.83311,14.443,0.003
6755.85862,14.443,0.003
6755.87304,14.439,0.003
6755.88734,14.435,0.003
6755.90391,14.438,0.003
6755.91937,14.439,0.003
6756.71075,14.439,0.003
6756.72149,14.436,0.003
6756.73643,14.443,0.003
6756.75292,14.447,0.003
6756.77053,14.437,0.003
6756.79575,14.441,0.003
6756.81190,14.438,0.003
6756.82718,14.441,0.003
6756.84153,14.436,0.003
6756.85602,14.439,0.003
6756.88033,14.439,0.003
6756.89615,14.435,0.003
6756.91052,14.440,0.003
6756.92523,14.436,0.003
6757.70327,14.440,0.003
6757.71793,14.439,0.003
6757.73263,14.432,0.003
6757.74877,14.438,0.003
6757.76556,14.443,0.003
6757.78171,14.442,0.003
6757.80757,14.438,0.003
6757.82217,14.444,0.003
6757.83905,14.442,0.003
6757.85440,14.439,0.003
6757.87042,14.443,0.003
6757.88854,14.439,0.003
6757.90433,14.438,0.003
6757.91905,14.442,0.003
6758.71609,14.449,0.003
6758.74970,14.439,0.003
6758.76490,14.436,0.003
6758.77979,14.445,0.003
6758.79415,14.443,0.003
6758.84777,14.448,0.003
6758.86493,14.443,0.003
6758.88364,14.437,0.003
6758.89959,14.443,0.003
6758.92101,14.453,0.003
6759.69591,14.434,0.003
6759.70315,14.444,0.003
6759.71720,14.440,0.003
6759.73358,14.433,0.003
6759.75015,14.435,0.003
6759.76640,14.438,0.003
6759.79271,14.436,0.003
6759.80722,14.433,0.003
6759.83295,14.439,0.003
6759.84791,14.436,0.003
6759.86250,14.437,0.003
6759.87672,14.447,0.003
6759.89303,14.441,0.003
6759.90834,14.442,0.003
6759.92289,14.437,0.003
6760.69467,14.431,0.003
6760.70438,14.444,0.003
6760.72236,14.437,0.003
6760.73881,14.432,0.003
6760.75549,14.436,0.003
6760.78180,14.380,0.003
6760.79770,14.434,0.003
6760.81317,14.436,0.003
6760.82764,14.437,0.003
6760.84332,14.431,0.003
6760.85897,14.433,0.003
6760.87596,14.445,0.003
6760.90233,14.433,0.003
6760.90437,14.443,0.003
6760.91864,14.439,0.003
6761.68826,14.441,0.003
6761.70125,14.436,0.003
6761.71743,14.437,0.003
6761.73352,14.434,0.003
6761.75146,14.435,0.003
6761.76596,14.435,0.003
6761.78034,14.436,0.003
6761.79490,14.433,0.003
6761.80943,14.440,0.003
6761.82463,14.432,0.003
6761.83904,14.434,0.003
6761.85320,14.436,0.003
6761.87118,14.435,0.003
6761.88710,14.433,0.003
6761.90464,14.439,0.003
6761.92063,14.435,0.003
6762.69567,14.438,0.003
6762.71111,14.439,0.003
6762.72591,14.432,0.003
6762.74304,14.435,0.003
6762.75898,14.438,0.003
6762.77927,14.440,0.003
6762.79380,14.430,0.003
6762.80809,14.432,0.003
6762.85497,14.438,0.003
6762.86938,14.444,0.003
6762.88544,14.437,0.003
6762.90044,14.438,0.003
6762.91589,14.443,0.003
6763.68609,14.441,0.003
6763.69927,14.442,0.003
6763.71380,14.438,0.003
6763.73062,14.439,0.003
6763.74709,14.435,0.003
6763.76322,14.434,0.003
6763.77832,14.432,0.003
6763.79360,14.434,0.003
6763.80802,14.437,0.003
6763.83363,14.433,0.003
6763.85083,14.437,0.003
6763.86574,14.432,0.003
6763.88139,14.437,0.003
6763.89635,14.433,0.003
6763.92069,14.433,0.003
6764.68378,14.440,0.003
6764.69470,14.431,0.003
6764.70895,14.440,0.003
6764.72499,14.442,0.003
6764.74299,14.434,0.003
6764.76455,14.439,0.003
6764.77878,14.430,0.003
6764.79567,14.433,0.003
6764.81020,14.434,0.003
6764.82449,14.436,0.003
6764.83870,14.434,0.003
6764.85331,14.428,0.003
6764.86885,14.433,0.003
6764.88452,14.436,0.003
6764.89929,14.438,0.003
6764.91387,14.442,0.003
6764.92825,14.445,0.003
6765.68728,14.436,0.003
6765.70559,14.434,0.003
6765.72067,14.433,0.003
6765.73620,14.436,0.003
6765.75744,14.435,0.003
6765.77683,14.434,0.003
6765.79313,14.438,0.003
6765.80301,14.436,0.003
6765.82121,14.435,0.003
6765.83563,14.429,0.003
6765.84672,14.434,0.003
6765.87334,14.431,0.003
6765.88675,14.426,0.003
6765.91409,14.439,0.003
6768.68056,14.439,0.003
6768.72250,14.436,0.003
6768.73701,14.432,0.003
6768.75195,14.436,0.003
6768.76718,14.436,0.003
6768.78280,14.435,0.003
6768.80308,14.436,0.003
6768.81642,14.430,0.003
6768.83198,14.437,0.003
6768.84828,14.433,0.003
6768.87416,14.436,0.003
6768.89186,14.436,0.003
6768.90761,14.435,0.003
6768.92305,14.434,0.003
6769.67078,14.439,0.003
6769.68333,14.440,0.003
6769.69773,14.437,0.003
6769.71411,14.433,0.003
6769.73059,14.439,0.003
6769.74670,14.436,0.003
6769.76204,14.446,0.003
6769.77636,14.433,0.003
6769.79099,14.433,0.003
6769.80528,14.439,0.003
6769.82031,14.433,0.003
6769.83480,14.435,0.003
6769.84926,14.434,0.003
6769.86385,14.432,0.003
6769.87896,14.429,0.003
6769.89339,14.434,0.003
6769.90768,14.436,0.003
6769.92256,14.441,0.003
6770.67041,14.445,0.003
6770.68462,14.442,0.003
6770.70680,14.440,0.003
6770.72104,14.433,0.003
6770.73612,14.435,0.003
6770.75058,14.433,0.003
6770.76537,14.434,0.003
6770.77980,14.436,0.003
6770.79414,14.433,0.003
6770.80938,14.437,0.003
6770.82367,14.434,0.003
6770.83801,14.434,0.003
6770.85391,14.430,0.003
6770.86933,14.438,0.003
6770.88456,14.432,0.003
6770.89895,14.442,0.003
6770.91490,14.435,0.003
6770.93149,14.438,0.003
6771.66589,14.432,0.003
6771.68416,14.437,0.003
6771.69875,14.437,0.003
6771.71305,14.439,0.003
6771.72955,14.435,0.003
6771.74604,14.436,0.003
6771.76245,14.441,0.003
6771.78994,14.435,0.003
6771.80471,14.439,0.003
6771.83278,14.435,0.003
6771.84821,14.436,0.003
6771.86419,14.435,0.003
6771.87933,14.436,0.003
6771.89388,14.433,0.003
6771.90840,14.434,0.003
6771.92312,14.436,0.003
6772.66936,14.435,0.003
6772.68393,14.439,0.003
6772.69838,14.439,0.003
6772.71509,14.437,0.003
6772.73158,14.439,0.003
6772.76097,14.439,0.003
6772.77779,14.435,0.003
6772.79229,14.443,0.003
6772.80678,14.436,0.003
6772.82137,14.441,0.003
6772.84953,14.439,0.003
6772.86476,14.433,0.003
6772.88016,14.437,0.003
6772.89497,14.434,0.003
6772.90951,14.432,0.003
6772.92378,14.437,0.003
6773.67803,14.458,0.003
6773.69256,14.455,0.003
6773.70993,14.445,0.003
6773.72623,14.441,0.003
6773.74256,14.442,0.003
6773.75914,14.439,0.003
6773.78349,14.442,0.003
6773.79810,14.441,0.003
6773.81270,14.440,0.003
6773.82772,14.444,0.003
6773.84311,14.439,0.003
6773.86850,14.439,0.003
6773.88307,14.439,0.003
6773.89751,14.437,0.003
6773.91190,14.436,0.003
6773.92618,14.442,0.003
6774.67844,14.437,0.003
6774.69285,14.441,0.003
6774.70793,14.443,0.003
6774.72429,14.441,0.003
6774.74072,14.445,0.003
6774.75706,14.440,0.003
6774.77171,14.440,0.003
6774.78620,14.440,0.003
6774.80065,14.445,0.003
6774.81516,14.441,0.003
6774.82962,14.440,0.003
6774.84458,14.443,0.003
6774.86095,14.440,0.003
6775.65889,14.437,0.003
6775.67328,14.440,0.003
6775.68827,14.443,0.003
6775.70508,14.439,0.003
6775.72181,14.435,0.003
6775.75296,14.437,0.003
6775.76766,14.434,0.003
6775.78221,14.440,0.003
6775.80645,14.434,0.003
6775.82111,14.438,0.003
6775.83596,14.434,0.003
6775.86334,14.440,0.003
6775.87857,14.432,0.003
6775.89311,14.430,0.003
6775.90809,14.435,0.003
6775.92237,14.435,0.003
6775.93675,14.435,0.003
6776.65621,14.448,0.003
6776.67376,14.436,0.003
6776.69383,14.436,0.003
6776.71413,14.441,0.003
6776.73450,14.440,0.003
6776.75504,14.436,0.003
6776.77469,14.434,0.003
6776.79256,14.435,0.003
6776.80880,14.444,0.003
6776.82447,14.439,0.003
6776.84425,14.439,0.003
6776.86942,14.438,0.003
6776.88389,14.442,0.003
6776.91239,14.431,0.003
6776.93075,14.433,0.003
6777.72220,14.440,0.003
6777.74111,14.435,0.003
6777.75789,14.443,0.003
6777.77479,14.439,0.003
6777.79106,14.431,0.003
6777.80556,14.436,0.003
6777.82056,14.442,0.003
6777.85610,14.432,0.003
6777.88059,14.438,0.003
6777.90417,14.432,0.003
6777.91862,14.435,0.003
6777.93287,14.437,0.003
6784.64613,14.441,0.003
6784.66217,14.445,0.003
6784.68727,14.448,0.003
6784.70433,14.446,0.003
6784.71880,14.444,0.003
6784.73303,14.443,0.003
6784.75506,14.443,0.003
6784.76821,14.443,0.003
6784.79049,14.438,0.003
6784.80407,14.445,0.003
6784.82900,14.443,0.003
6784.84252,14.444,0.003
6784.85579,14.437,0.003
6784.87080,14.442,0.003
6784.88785,14.440,0.003
6784.90058,14.441,0.003
6784.91923,14.442,0.003
6784.93235,14.439,0.003
6785.63170,14.440,0.003
6785.65011,14.443,0.003
6785.66494,14.445,0.003
6785.68129,14.449,0.003
6785.69758,14.446,0.003
6785.71374,14.440,0.003
6785.72867,14.446,0.003
6785.74344,14.440,0.003
6785.76860,14.438,0.003
6785.78342,14.447,0.003
6785.80961,14.440,0.003
6785.82598,14.442,0.003
6785.84068,14.441,0.003
6785.86506,14.437,0.003
6785.87995,14.444,0.003
6785.89565,14.443,0.003
6785.91196,14.442,0.003
6785.92703,14.440,0.003
6786.64312,14.443,0.003
6786.65791,14.438,0.003
6786.67326,14.436,0.003
6786.68942,14.438,0.003
6786.70600,14.447,0.003
6786.72259,14.443,0.003
6786.74722,14.440,0.003
6786.76185,14.446,0.003
6786.77780,14.444,0.003
6786.80274,14.444,0.003
6786.82849,14.440,0.003
6786.84358,14.445,0.003
6786.85871,14.440,0.003
6786.87341,14.436,0.003
6786.88910,14.439,0.003
6786.90523,14.439,0.003
6786.91975,14.441,0.003
6786.93568,14.435,0.003
6787.72391,14.445,0.003
6787.73983,14.435,0.003
6787.76122,14.442,0.003
6787.78757,14.440,0.003
6787.83305,14.439,0.003
6788.80583,14.446,0.003
6788.84132,14.456,0.003
6788.87027,14.459,0.003
6789.63257,14.440,0.003
6789.64720,14.441,0.003
6789.66195,14.437,0.003
6789.67660,14.440,0.003
6789.69108,14.439,0.003
6789.70585,14.439,0.003
6789.72037,14.440,0.003
6789.73474,14.438,0.003
6789.74921,14.439,0.003
6789.76367,14.438,0.003
6789.77931,14.442,0.003
6789.79492,14.436,0.003
6789.81132,14.436,0.003
6789.82666,14.434,0.003
6789.85073,14.441,0.003
6789.86568,14.436,0.003
6789.88950,14.436,0.003
6789.90555,14.437,0.003
6789.92178,14.436,0.003
6789.93800,14.441,0.003
6790.61909,14.441,0.003
6790.63429,14.441,0.003
6790.64880,14.436,0.003
6790.66350,14.439,0.003
6790.67809,14.441,0.003
6790.69255,14.435,0.003
6790.70708,14.434,0.003
6790.72158,14.434,0.003
6790.73609,14.437,0.003
6790.75080,14.438,0.003
6790.76568,14.436,0.003
6790.78326,14.434,0.003
6790.80046,14.435,0.003
6790.81819,14.432,0.003
6790.83386,14.440,0.003
6790.84899,14.434,0.003
6790.86388,14.436,0.003
6790.87892,14.440,0.003
6790.90300,14.438,0.003
6790.91747,14.439,0.003
6790.93195,14.432,0.003
6791.61187,14.439,0.003
6791.62675,14.443,0.003
6791.64137,14.443,0.003
6791.65601,14.439,0.003
6791.67075,14.444,0.003
6791.68753,14.445,0.003
6791.70363,14.439,0.003
6791.71984,14.441,0.003
6791.73440,14.440,0.003
6791.74898,14.441,0.003
6791.76401,14.436,0.003
6791.78078,14.433,0.003
6791.79655,14.433,0.003
6791.81318,14.441,0.003
6791.82855,14.431,0.003
6791.84421,14.440,0.003
6791.85973,14.435,0.003
6791.87568,14.436,0.003
6791.89058,14.435,0.003
6791.90530,14.437,0.003
6791.92013,14.436,0.003
6791.93490,14.437,0.003
6792.61006,14.434,0.003
6792.62836,14.437,0.003
6792.64155,14.441,0.003
6792.65574,14.436,0.003
6792.67176,14.439,0.003
6792.68613,14.440,0.003
6792.69884,14.439,0.003
6792.71172,14.437,0.003
6792.72562,14.436,0.003
6792.73782,14.437,0.003
6792.75044,14.434,0.003
6792.76304,14.438,0.003
6792.77568,14.438,0.003
6792.78842,14.437,0.003
6792.80147,14.437,0.003
6792.81554,14.437,0.003
6792.82821,14.436,0.003
6792.84284,14.435,0.003
6792.85384,14.438,0.003
6792.87122,14.438,0.003
6792.88182,14.432,0.003
6792.89863,14.435,0.003
6792.90841,14.435,0.003
6792.91670,14.439,0.003
6792.92652,14.437,0.003
6792.93615,14.438,0.003
6796.60121,14.440,0.003
6796.61620,14.442,0.003
6796.63104,14.437,0.003
6796.64559,14.434,0.003
6796.66181,14.438,0.003
6796.67775,14.432,0.003
6796.69378,14.433,0.003
6796.70836,14.437,0.003
6796.72287,14.435,0.003
6796.73747,14.432,0.003
6796.75250,14.440,0.003
6796.76876,14.436,0.003
6796.78447,14.436,0.003
6796.80454,14.436,0.003
6796.81941,14.438,0.003
6796.83437,14.436,0.003
6796.84950,14.435,0.003
6796.86441,14.434,0.003
6796.87919,14.440,0.003
6796.89399,14.435,0.003
6796.90886,14.435,0.003
6796.92355,14.437,0.003
6796.93649,14.435,0.003
6797.61766,14.439,0.003
6797.63904,14.440,0.003
6797.65647,14.442,0.003
6797.68352,14.435,0.003
6797.69811,14.437,0.003
6797.71281,14.436,0.003
6797.72946,14.437,0.003
6797.74582,14.437,0.003
6797.76215,14.440,0.003
6797.77695,14.436,0.003
6797.79318,14.435,0.003
6797.80618,14.435,0.003
6797.82288,14.435,0.003
6797.83744,14.439,0.003
6797.85206,14.434,0.003
6797.86681,14.438,0.003
6797.87934,14.436,0.003
6797.89186,14.440,0.003
6797.90446,14.438,0.003
6797.91703,14.433,0.003
6797.93019,14.445,0.003
6798.66773,14.440,0.003
6798.72852,14.436,0.003
6798.76602,14.435,0.003
6798.78504,14.442,0.003
6798.81311,14.435,0.003
6798.83244,14.433,0.003
6798.84484,14.433,0.003
6798.85878,14.437,0.003
6798.89092,14.435,0.003
6798.90992,14.438,0.003
6799.77839,14.434,0.003
6799.79561,14.437,0.003
6799.82259,14.434,0.003
6799.85420,14.428,0.003
6799.86847,14.434,0.003
6799.89916,14.436,0.003
6799.91196,14.437,0.003
6801.81702,14.441,0.003
6803.63461,14.442,0.003
6803.64508,14.439,0.003
6803.65566,14.445,0.003
6803.67169,14.440,0.003
6803.68749,14.441,0.003
6803.70536,14.436,0.003
6803.72014,14.436,0.003
6803.73573,14.438,0.003
6803.75461,14.437,0.003
6803.77031,14.434,0.003
6803.78555,14.436,0.003
6803.80035,14.436,0.003
6803.81468,14.435,0.003
6803.83269,14.436,0.003
6803.84849,14.436,0.003
6803.86156,14.438,0.003
6803.87588,14.434,0.003
6803.88853,14.436,0.003
6803.90115,14.440,0.003
6803.91390,14.440,0.003
6803.92645,14.436,0.003
6803.93894,14.438,0.003
6804.58283,14.445,0.003
6804.59763,14.446,0.003
6804.61244,14.438,0.003
6804.62862,14.436,0.003
6804.64463,14.438,0.003
6804.66076,14.442,0.003
6804.67540,14.439,0.003
6804.69913,14.437,0.003
6804.71420,14.437,0.003
6804.73132,14.433,0.003
6804.74692,14.433,0.003
6804.76246,14.433,0.003
6804.78851,14.433,0.003
6804.80358,14.434,0.003
6804.81814,14.436,0.003
6804.83262,14.439,0.003
6804.84715,14.443,0.003
6804.86223,14.441,0.003
6804.87714,14.437,0.003
6804.89188,14.437,0.003
6804.90426,14.440,0.003
6804.91666,14.440,0.003
6804.92946,14.438,0.003
6804.94025,14.440,0.003
6805.58533,14.442,0.003
6805.60093,14.444,0.003
6805.61609,14.441,0.003
6805.63107,14.445,0.003
6805.64762,14.442,0.003
6805.66575,14.446,0.003
6805.68080,14.439,0.003
6805.69722,14.440,0.003
6805.71230,14.438,0.003
6805.73774,14.438,0.003
6805.75368,14.437,0.003
6805.77950,14.440,0.003
6805.79454,14.431,0.003
6805.80904,14.440,0.003
6805.82347,14.438,0.003
6805.83797,14.440,0.003
6805.85250,14.438,0.003
6805.86692,14.442,0.003
6805.88155,14.439,0.003
6805.89551,14.441,0.003
6805.91082,14.437,0.003
6805.92510,14.440,0.003
6805.93757,14.438,0.003
6806.84443,14.438,0.003
6806.86477,14.440,0.003
6806.87881,14.440,0.003
6806.89281,14.441,0.003
6806.90534,14.443,0.003
6807.62617,14.445,0.003
6807.63321,14.443,0.003
6807.65865,14.440,0.003
6807.67822,14.442,0.003
6807.69470,14.441,0.003
6807.71192,14.437,0.003
6807.72915,14.439,0.003
6807.74459,14.441,0.003
6807.76108,14.438,0.003
6807.77597,14.443,0.003
6807.79190,14.435,0.003
6807.80664,14.436,0.003
6807.82119,14.441,0.003
6807.83623,14.439,0.003
6807.85144,14.440,0.003
6807.86598,14.441,0.003
6807.88059,14.436,0.003
6807.89570,14.445,0.003
6807.90802,14.448,0.003
6807.92060,14.444,0.003
6808.57196,14.444,0.003
6808.58215,14.441,0.003
6808.59416,14.444,0.003
6808.60911,14.439,0.003
6808.62395,14.438,0.003
6808.64000,14.435,0.003
6808.65611,14.442,0.003
6808.67218,14.435,0.003
6808.68665,14.438,0.003
6808.70165,14.436,0.003
6808.72716,14.436,0.003
6808.75358,14.436,0.003
6808.76959,14.438,0.003
6808.78443,14.434,0.003
6808.79953,14.438,0.003
6808.81434,14.432,0.003
6808.82997,14.436,0.003
6808.84459,14.437,0.003
6808.85973,14.436,0.003
6808.87429,14.436,0.003
6808.88934,14.439,0.003
6808.90391,14.438,0.003
6808.91622,14.436,0.003
6808.92869,14.439,0.003
6808.94117,14.441,0.003
6809.57150,14.442,0.003
6809.58468,14.442,0.003
6809.60324,14.435,0.003
6809.62668,14.441,0.003
6809.64302,14.439,0.003
6809.66065,14.436,0.003
6809.67564,14.436,0.003
6809.70054,14.442,0.003
6809.71517,14.442,0.003
6809.74106,14.442,0.003
6809.75740,14.434,0.003
6809.77358,14.439,0.003
6809.78854,14.436,0.003
6809.81363,14.436,0.003
6809.83819,14.437,0.003
6809.85313,14.435,0.003
6809.86793,14.438,0.003
6809.88293,14.437,0.003
6809.89755,14.433,0.003
6809.90995,14.439,0.003
6809.92240,14.435,0.003
6810.56576,14.437,0.003
6810.58050,14.437,0.003
6810.59524,14.437,0.003
6810.61142,14.436,0.003
6810.62766,14.435,0.003
6810.64445,14.441,0.003
6810.65895,14.435,0.003
6810.67343,14.438,0.003
6810.68823,14.436,0.003
6810.70317,14.436,0.003
6810.73017,14.441,0.003
6810.75580,14.439,0.003
6810.77073,14.439,0.003
6810.78546,14.437,0.003
6810.80041,14.437,0.003
6810.81541,14.441,0.003
6810.83951,14.437,0.003
6810.85480,14.437,0.003
6810.86967,14.434,0.003
6810.88482,14.441,0.003
6810.89979,14.437,0.003
6810.91251,14.440,0.003
6810.92518,14.438,0.003
6810.93804,14.440,0.003
6811.57319,14.444,0.003
6811.57938,14.441,0.003
6811.59413,14.433,0.003
6811.60897,14.441,0.003
6811.62356,14.438,0.003
6811.63841,14.441,0.003
6811.65458,14.441,0.003
6811.67091,14.440,0.003
6811.68720,14.438,0.003
6811.71183,14.439,0.003
6811.72726,14.441,0.003
6811.75233,14.436,0.003
6811.77462,14.434,0.003
6811.78936,14.439,0.003
6811.80448,14.435,0.003
6811.82081,14.438,0.003
6811.83557,14.437,0.003
6811.85095,14.440,0.003
6811.86916,14.437,0.003
6811.88399,14.433,0.003
6811.89877,14.439,0.003
6811.91255,14.443,0.003
6811.92537,14.447,0.003
6811.93647,14.449,0.003
6813.61771,14.441,0.003
6813.63221,14.441,0.003
6813.65358,14.437,0.003
6813.66833,14.437,0.003
6813.68327,14.433,0.003
6813.69998,14.437,0.003
6813.71768,14.436,0.003
6813.73479,14.441,0.003
6813.76024,14.440,0.003
6813.77843,14.436,0.003
6813.80256,14.438,0.003
6813.81720,14.442,0.003
6813.83180,14.435,0.003
6813.84999,14.435,0.003
6813.86780,14.440,0.003
6813.88260,14.439,0.003
6813.89744,14.433,0.003
6813.91210,14.439,0.003
6813.92471,14.436,0.003
6813.93745,14.435,0.003
6814.58765,14.441,0.003
6814.61165,14.441,0.003
6814.62677,14.441,0.003
6814.64326,14.439,0.003
6814.67026,14.437,0.003
6814.70430,14.433,0.003
6814.72974,14.429,0.003
6814.74781,14.433,0.003
6814.76325,14.433,0.003
6814.77835,14.437,0.003
6814.79321,14.439,0.003
6814.80820,14.433,0.003
6814.82296,14.433,0.003
6814.83753,14.441,0.003
6814.85389,14.443,0.003
6814.86852,14.442,0.003
6814.88325,14.438,0.003
6814.90102,14.435,0.003
6814.91366,14.433,0.003
6814.92648,14.435,0.003
6814.93466,14.433,0.003
6815.57784,14.438,0.003
6815.59244,14.434,0.003
6815.60715,14.441,0.003
6815.62329,14.440,0.003
6815.63928,14.437,0.003
6815.65537,14.439,0.003
6815.67164,14.435,0.003
6815.68727,14.433,0.003
6815.70303,14.431,0.003
6815.73950,14.434,0.003
6815.76591,14.436,0.003
6815.78059,14.435,0.003
6815.79545,14.435,0.003
6815.81953,14.435,0.003
6815.83450,14.431,0.003
6815.85223,14.435,0.003
6815.87011,14.434,0.003
6815.88500,14.440,0.003
6815.89977,14.436,0.003
6815.91479,14.438,0.003
6815.92738,14.436,0.003
6815.93879,14.439,0.003
6816.58229,14.440,0.003
6816.60235,14.440,0.003
6816.61942,14.436,0.003
6816.64439,14.434,0.003
6816.66059,14.433,0.003
6816.69457,14.443,0.003
6816.71016,14.431,0.003
6816.72625,14.430,0.003
6816.75170,14.437,0.003
6816.76634,14.433,0.003
6816.79095,14.436,0.003
6816.80594,14.438,0.003
6816.82091,14.432,0.003
6816.84096,14.435,0.003
6816.85599,14.443,0.003
6816.87071,14.435,0.003
6816.88541,14.438,0.003
6817.56924,14.444,0.003
6817.58380,14.436,0.003
6817.59896,14.440,0.003
6817.61508,14.438,0.003
6817.63098,14.435,0.003
6817.64732,14.427,0.003
6817.66358,14.434,0.003
6817.68027,14.439,0.003
6817.69666,14.434,0.003
6817.71422,14.435,0.003
6817.73014,14.437,0.003
6817.74573,14.438,0.003
6817.76061,14.437,0.003
6817.77525,14.429,0.003
6817.79029,14.439,0.003
6817.80477,14.436,0.003
6817.82943,14.437,0.003
6817.85357,14.440,0.003
6817.86829,14.434,0.003
6817.88314,14.435,0.003
6817.89561,14.433,0.003
6817.90821,14.437,0.003
6817.92255,14.433,0.003
6817.93125,14.439,0.003
6818.54670,14.442,0.003
6818.55468,14.440,0.003
6818.57145,14.442,0.003
6818.58646,14.438,0.003
6818.67582,14.436,0.003
6818.85227,14.438,0.003
6818.87033,14.436,0.003
6818.88532,14.434,0.003
6819.55212,14.435,0.003
6819.56487,14.437,0.003
6819.57737,14.445,0.003
6819.58975,14.442,0.003
6819.60230,14.439,0.003
6819.61486,14.440,0.003
6819.62720,14.437,0.003
6819.63962,14.433,0.003
6819.65208,14.438,0.003
6819.66687,14.432,0.003
6819.67940,14.435,0.003
6819.70161,14.435,0.003
6819.71481,14.436,0.003
6819.72909,14.433,0.003
6819.74212,14.442,0.003
6819.75475,14.439,0.003
6819.76904,14.437,0.003
6819.78300,14.434,0.003
6819.79708,14.442,0.003
6819.81931,14.439,0.003
6819.83175,14.438,0.003
6819.84432,14.436,0.003
6819.85671,14.438,0.003
6819.88097,14.442,0.003
6823.69771,14.432,0.003
6823.72088,14.440,0.003
6823.73605,14.438,0.003
6823.74889,14.433,0.003
6823.76521,14.435,0.003
6823.78025,14.435,0.003
6823.79480,14.434,0.003
6823.81239,14.435,0.003
6823.82648,14.442,0.003
6823.83951,14.435,0.003
6823.85274,14.435,0.003
6823.86798,14.436,0.003
6823.88175,14.437,0.003
6823.89820,14.437,0.003
6823.91450,14.436,0.003
6824.54393,14.437,0.003
6824.56148,14.437,0.003
6824.57586,14.440,0.003
6824.59223,14.437,0.003
6824.61247,14.440,0.003
6824.62669,14.434,0.003
6824.64505,14.434,0.003
6824.65955,14.435,0.003
6824.67535,14.440,0.003
6824.69615,14.433,0.003
6824.72425,14.435,0.003
6824.73932,14.438,0.003
6824.76422,14.439,0.003
6824.77943,14.440,0.003
6824.79421,14.436,0.003
6824.80895,14.438,0.003
6824.82372,14.440,0.003
6824.83844,14.431,0.003
6824.85385,14.434,0.003
6824.86861,14.438,0.003
6824.88324,14.436,0.003
6824.89584,14.447,0.003
6824.91151,14.441,0.003
6825.52845,14.438,0.003
6825.54375,14.436,0.003
6825.56087,14.443,0.003
6825.57546,14.434,0.003
6825.59007,14.434,0.003
6825.60465,14.436,0.003
6825.61982,14.437,0.003
6825.63448,14.440,0.003
6825.64930,14.436,0.003
6825.66413,14.431,0.003
6825.68952,14.430,0.003
6825.70522,14.439,0.003
6825.73169,14.436,0.003
6825.74680,14.432,0.003
6825.76170,14.435,0.003
6825.77670,14.435,0.003
6825.79167,14.437,0.003
6825.80648,14.435,0.003
6825.82132,14.436,0.003
6825.83618,14.436,0.003
6825.85126,14.441,0.003
6825.87187,14.439,0.003
6825.88610,14.441,0.003
6825.89878,14.437,0.003
6825.90683,14.442,0.003
6826.52634,14.449,0.003
6826.54106,14.442,0.003
6826.55629,14.441,0.003
6826.57081,14.442,0.003
6826.58612,14.441,0.003
6826.60065,14.438,0.003
6826.61517,14.439,0.003
6826.62966,14.440,0.003
6826.64470,14.438,0.003
6826.65957,14.438,0.003
6826.68474,14.438,0.003
6826.70149,14.441,0.003
6826.72704,14.438,0.003
6826.74250,14.437,0.003
6826.75729,14.439,0.003
6826.77202,14.435,0.003
6826.78691,14.438,0.003
6826.80163,14.437,0.003
6826.82905,14.440,0.003
6826.85428,14.442,0.003
6826.86928,14.434,0.003
6826.88200,14.442,0.003
6826.89483,14.442,0.003
6826.90601,14.437,0.003
6827.52669,14.441,0.003
6827.54168,14.440,0.003
6827.55673,14.437,0.003
6827.57175,14.434,0.003
6827.58660,14.438,0.003
6827.60190,14.435,0.003
6827.61677,14.437,0.003
6827.63165,14.440,0.003
6827.64639,14.438,0.003
6827.66146,14.440,0.003
6827.69906,14.438,0.003
6827.73629,14.435,0.003
6827.75131,14.441,0.003
6827.76622,14.438,0.003
6827.78129,14.439,0.003
6827.79620,14.440,0.003
6827.81120,14.439,0.003
6827.82606,14.437,0.003
6827.84090,14.441,0.003
6827.85580,14.439,0.003
6827.86878,14.442,0.003
6827.88147,14.442,0.003
6827.89431,14.441,0.003
6827.90276,14.437,0.003
6828.54269,14.438,0.003
6828.55767,14.439,0.003
6828.57252,14.440,0.003
6828.58858,14.436,0.003
6828.60493,14.436,0.003
6828.61955,14.438,0.003
6828.63412,14.436,0.003
6828.64883,14.438,0.003
6828.67317,14.441,0.003
6828.68935,14.439,0.003
6828.70591,14.439,0.003
6828.73301,14.441,0.003
6828.75832,14.437,0.003
6828.78278,14.439,0.003
6828.79746,14.437,0.003
6828.81236,14.439,0.003
6828.82813,14.438,0.003
6828.84309,14.444,0.003
6828.85603,14.442,0.003
6828.86889,14.440,0.003
6828.88146,14.441,0.003
6828.89407,14.444,0.003
6828.90244,14.439,0.003
6829.51176,14.458,0.003
6829.52760,14.454,0.003
6829.54250,14.440,0.003
6829.55821,14.445,0.003
6829.57258,14.449,0.003
6829.58699,14.428,0.003
6829.60145,14.438,0.003
6829.61597,14.439,0.003
6829.64052,14.442,0.003
6829.66531,14.441,0.003
6829.68112,14.438,0.003
6829.69750,14.440,0.003
6829.71369,14.442,0.003
6829.72818,14.443,0.003
6829.74268,14.435,0.003
6829.75737,14.439,0.003
6829.77164,14.438,0.003
6829.78682,14.434,0.003
6829.80113,14.439,0.003
6829.81558,14.443,0.003
6829.83020,14.437,0.003
6829.84553,14.437,0.003
6829.85778,14.442,0.003
6829.87060,14.434,0.003
6830.51086,14.442,0.003
6830.52984,14.447,0.003
6830.54449,14.441,0.003
6830.56071,14.445,0.003
6830.57685,14.439,0.003
6830.59157,14.440,0.003
6830.60635,14.439,0.003
6830.62109,14.438,0.003
6830.64548,14.436,0.003
6830.66184,14.438,0.003
6830.68781,14.435,0.003
6830.70338,14.438,0.003
6830.71859,14.436,0.003
6830.73361,14.439,0.003
6830.74838,14.437,0.003
6830.76309,14.442,0.003
6830.77759,14.434,0.003
6830.79250,14.438,0.003
6830.80816,14.443,0.003
6830.82677,14.438,0.003
6830.84370,14.439,0.003
6830.86022,14.436,0.003
6830.87310,14.437,0.003
6831.52448,14.436,0.003
6831.54024,14.435,0.003
6831.60125,14.438,0.003
6831.61038,14.437,0.003
6831.62428,14.439,0.003
6831.63894,14.436,0.003
6831.65468,14.439,0.003
6831.68140,14.441,0.003
6831.70840,14.441,0.003
6831.72337,14.441,0.003
6831.73855,14.438,0.003
6831.75347,14.435,0.003
6831.76814,14.438,0.003
6831.78295,14.439,0.003
6831.80047,14.435,0.003
6831.81701,14.436,0.003
6831.83193,14.444,0.003
6831.84655,14.438,0.003
6831.85878,14.443,0.003
6831.87141,14.442,0.003
6831.87912,14.437,0.003
6832.50197,14.433,0.003
6832.51772,14.439,0.003
6832.53378,14.433,0.003
6832.55333,14.436,0.003
6832.56914,14.436,0.003
6832.58508,14.433,0.003
6832.59944,14.437,0.003
6832.61381,14.441,0.003
6832.64029,14.434,0.003
6832.66485,14.436,0.003
6832.68033,14.438,0.003
6832.69691,14.438,0.003
6832.71256,14.438,0.003
6832.72742,14.437,0.003
6832.74275,14.437,0.003
6832.75761,14.435,0.003
6832.77243,14.443,0.003
6832.78761,14.441,0.003
6832.80334,14.438,0.003
6832.81802,14.433,0.003
6832.83273,14.433,0.003
6832.87669,14.443,0.003
6833.50755,14.439,0.003
6833.52229,14.435,0.003
6833.53665,14.438,0.003
6833.55130,14.440,0.003
6833.56762,14.419,0.003
6833.58521,14.433,0.003
6833.59950,14.438,0.003
6833.61774,14.440,0.003
6833.63227,14.437,0.003
6833.65623,14.443,0.003
6833.68415,14.438,0.003
6833.70190,14.437,0.003
6833.71660,14.440,0.003
6833.73120,14.438,0.003
6833.74582,14.439,0.003
6833.76046,14.436,0.003
6833.77502,14.431,0.003
6833.78969,14.433,0.003
6833.80418,14.434,0.003
6833.81879,14.432,0.003
6833.83395,14.434,0.003
6833.84631,14.435,0.003
6833.85864,14.438,0.003
6833.87095,14.431,0.003
6834.49316,14.458,0.003
6834.50770,14.456,0.003
6834.52371,14.457,0.003
6834.53829,14.461,0.003
6834.55256,14.462,0.003
6834.56703,14.458,0.003
6834.58151,14.455,0.003
6834.59612,14.455,0.003
6834.61058,14.441,0.003
6834.62490,14.437,0.003
6834.63932,14.441,0.003
6834.66426,14.440,0.003
6834.68014,14.436,0.003
6834.70573,14.435,0.003
6834.72058,14.435,0.003
6834.73544,14.435,0.003
6834.75038,14.437,0.003
6834.76525,14.435,0.003
6834.77992,14.436,0.003
6834.79442,14.443,0.003
6834.80955,14.436,0.003
6834.82476,14.436,0.003
6834.83716,14.439,0.003
6834.85345,14.430,0.003
6834.86799,14.443,0.003
6835.51278,14.439,0.003
6835.52744,14.433,0.003
6835.54435,14.435,0.003
6835.55923,14.436,0.003
6835.57524,14.434,0.003
6835.58972,14.436,0.003
6835.60415,14.436,0.003
6835.61855,14.438,0.003
6835.63303,14.433,0.003
6835.65745,14.440,0.003
6835.68362,14.437,0.003
6835.69900,14.434,0.003
6835.71352,14.436,0.003
6835.72852,14.435,0.003
6835.74341,14.435,0.003
6835.75815,14.436,0.003
6835.77279,14.439,0.003
6835.78749,14.439,0.003
6835.80203,14.444,0.003
6835.81654,14.439,0.003
6835.83166,14.437,0.003
6835.84392,14.437,0.003
6835.85852,14.438,0.003
6835.86795,14.442,0.003
6836.48735,14.443,0.003
6836.50356,14.440,0.003
6836.52015,14.432,0.003
6836.54472,14.436,0.003
6836.55960,14.444,0.003
6836.58489,14.441,0.003
6836.59724,14.441,0.003
6836.61187,14.438,0.003
6836.62461,14.431,0.003
6836.64691,14.434,0.003
6836.66938,14.439,0.003
6836.68509,14.438,0.003
6836.70017,14.439,0.003
6836.71636,14.434,0.003
6836.73219,14.439,0.003
6836.74714,14.435,0.003
6836.76199,14.436,0.003
6836.77662,14.432,0.003
6836.79140,14.435,0.003
6836.80598,14.434,0.003
6836.82070,14.439,0.003
6836.83535,14.436,0.003
6836.84813,14.433,0.003
6836.86043,14.436,0.003
6837.48951,14.429,0.003
6837.50410,14.429,0.003
6837.51867,14.438,0.003
6837.53333,14.435,0.003
6837.54786,14.434,0.003
6837.56223,14.435,0.003
6837.57660,14.440,0.003
6837.59101,14.433,0.003
6837.60548,14.433,0.003
6837.61996,14.435,0.003
6837.63472,14.436,0.003
6837.65919,14.438,0.003
6837.68516,14.436,0.003
6837.69956,14.437,0.003
6837.71421,14.438,0.003
6837.72867,14.439,0.003
6837.74353,14.433,0.003
6837.75839,14.432,0.003
6837.77311,14.433,0.003
6837.78788,14.433,0.003
6837.80254,14.436,0.003
6837.81716,14.438,0.003
6837.82949,14.433,0.003
6837.84164,14.433,0.003
6837.85368,14.436,0.003
6837.86612,14.434,0.003
6838.48472,14.443,0.003
6838.49963,14.436,0.003
6838.51426,14.438,0.003
6838.52907,14.431,0.003
6838.54399,14.437,0.003
6838.56002,14.439,0.003
6838.57621,14.436,0.003
6838.59092,14.434,0.003
6838.60526,14.436,0.003
6838.61982,14.436,0.003
6838.63416,14.437,0.003
6838.65906,14.434,0.003
6838.67628,14.439,0.003
6838.70018,14.444,0.003
6838.71490,14.432,0.003
6838.72939,14.432,0.003
6838.74385,14.440,0.003
6838.75856,14.434,0.003
6838.77336,14.441,0.003
6838.78816,14.432,0.003
6838.80280,14.434,0.003
6838.81798,14.436,0.003
6838.83049,14.434,0.003
6838.84302,14.437,0.003
6838.85739,14.437,0.003
6839.48272,14.434,0.003
6839.49734,14.437,0.003
6839.51361,14.436,0.003
6839.52835,14.438,0.003
6839.54456,14.433,0.003
6839.56004,14.456,0.003
6839.57463,14.456,0.003
6839.58924,14.458,0.003
6839.60389,14.458,0.003
6839.61900,14.455,0.003
6839.63383,14.457,0.003
6839.64985,14.456,0.003
6839.67828,14.448,0.003
6839.70265,14.435,0.003
6839.71729,14.433,0.003
6839.73190,14.441,0.003
6839.74646,14.432,0.003
6839.76117,14.434,0.003
6839.77610,14.434,0.003
6839.79093,14.435,0.003
6839.80607,14.434,0.003
6839.81842,14.434,0.003
6839.83068,14.435,0.003
6839.84309,14.438,0.003
6839.85554,14.438,0.003
6840.47908,14.439,0.003
6840.49607,14.436,0.003
6840.52160,14.446,0.003
6840.53257,14.437,0.003
6840.54377,14.436,0.003
6840.55990,14.440,0.003
6840.57472,14.441,0.003
6840.58934,14.436,0.003
6840.60394,14.441,0.003
6840.62911,14.437,0.003
6840.64153,14.438,0.003
6840.66893,14.440,0.003
6840.68439,14.435,0.003
6840.70817,14.444,0.003
6840.72271,14.435,0.003
6840.73727,14.440,0.003
6840.75168,14.438,0.003
6840.76621,14.441,0.003
6840.78051,14.434,0.003
6840.79550,14.439,0.003
6840.80968,14.438,0.003
6841.48982,14.440,0.003
6841.50760,14.437,0.003
6841.52407,14.436,0.003
6841.53403,14.442,0.003
6841.55108,14.441,0.003
6841.57390,14.438,0.003
6841.58851,14.438,0.003
6841.60493,14.436,0.003
6841.62999,14.430,0.003
6841.64485,14.434,0.003
6841.67142,14.435,0.003
6841.68501,14.434,0.003
6841.70127,14.434,0.003
6841.71479,14.435,0.003
6841.72959,14.437,0.003
6841.74436,14.438,0.003
6841.75915,14.435,0.003
6841.77401,14.433,0.003
6841.78860,14.440,0.003
6841.80340,14.439,0.003
6841.81584,14.434,0.003
6841.82832,14.441,0.003
6841.84129,14.437,0.003
6841.85256,14.440,0.003
6842.50197,14.442,0.003
6842.51696,14.438,0.003
6842.53093,14.442,0.003
6842.54681,14.432,0.003
6842.56109,14.437,0.003
6842.57559,14.439,0.003
6842.58995,14.433,0.003
6842.60440,14.433,0.003
6842.62804,14.440,0.003
6842.64427,14.441,0.003
6842.66929,14.434,0.003
6842.68394,14.435,0.003
6842.69846,14.436,0.003
6842.71321,14.436,0.003
6842.72982,14.433,0.003
6842.74430,14.434,0.003
6842.75880,14.438,0.003
6842.77344,14.438,0.003
6842.78807,14.434,0.003
6842.80250,14.434,0.003
6842.81922,14.433,0.003
6842.83258,14.436,0.003
6844.47229,14.436,0.003
6844.48682,14.441,0.003
6844.50125,14.429,0.003
6844.51589,14.434,0.003
6844.53175,14.430,0.003
6844.54623,14.436,0.003
6844.56072,14.435,0.003
6844.57519,14.435,0.003
6844.58985,14.432,0.003
6844.60426,14.436,0.003
6844.61899,14.435,0.003
6844.64493,14.451,0.003
6844.66223,14.451,0.003
6844.68908,14.456,0.003
6844.70384,14.450,0.003
6844.71852,14.454,0.003
6844.73325,14.456,0.003
6844.74803,14.454,0.003
6844.76400,14.441,0.003
6844.77858,14.436,0.003
6844.79300,14.435,0.003
6844.80740,14.437,0.003
6844.81969,14.437,0.003
6844.83191,14.439,0.003
6844.84417,14.440,0.003
6844.85488,14.439,0.003
6844.86411,14.434,0.003
6845.46461,14.432,0.003
6845.47755,14.440,0.003
6845.49194,14.436,0.003
6845.50632,14.438,0.003
6845.52082,14.436,0.003
6845.53522,14.441,0.003
6845.54956,14.437,0.003
6845.56386,14.438,0.003
6845.57827,14.436,0.003
6845.59273,14.443,0.003
6845.60698,14.434,0.003
6845.62144,14.432,0.003
6845.64574,14.434,0.003
6845.66104,14.436,0.003
6845.68542,14.435,0.003
6845.70027,14.430,0.003
6845.71479,14.435,0.003
6845.72940,14.432,0.003
6845.74407,14.435,0.003
6845.75869,14.437,0.003
6845.77322,14.434,0.003
6845.78799,14.432,0.003
6845.80300,14.433,0.003
6845.81572,14.438,0.003
6845.82952,14.439,0.003
6845.84190,14.437,0.003
6846.78491,14.440,0.003
6846.79265,14.431,0.003
6846.80276,14.437,0.003
6846.81526,14.437,0.003
6846.82203,14.437,0.003
6846.83913,14.436,0.003
6847.46890,14.431,0.003
6847.48134,14.435,0.003
6847.49375,14.437,0.003
6847.50619,14.437,0.003
6847.51857,14.436,0.003
6847.53099,14.435,0.003
6847.54343,14.436,0.003
6847.55587,14.433,0.003
6847.56977,14.434,0.003
6847.58204,14.430,0.003
6847.59440,14.434,0.003
6847.60684,14.437,0.003
6847.62124,14.437,0.003
6847.63361,14.442,0.003
6847.64777,14.432,0.003
6847.66211,14.433,0.003
6847.67483,14.429,0.003
6847.68737,14.426,0.003
6847.69989,14.433,0.003
6847.71233,14.432,0.003
6847.72483,14.438,0.003
6847.73737,14.433,0.003
6847.74970,14.432,0.003
6847.76201,14.434,0.003
6847.77447,14.431,0.003
6847.78689,14.436,0.003
6847.79929,14.431,0.003
6847.81190,14.439,0.003
6847.82429,14.439,0.003
6847.83662,14.434,0.003
6848.57830,14.435,0.003
6848.64680,14.433,0.003
6848.72030,14.439,0.003
6848.73943,14.433,0.003
6848.76303,14.436,0.003
6848.77898,14.441,0.003
6848.79776,14.438,0.003
6848.81468,14.433,0.003
6848.82811,14.437,0.003
6848.84173,14.449,0.003
6848.85162,14.441,0.003
6849.63390,14.434,0.003
6849.64229,14.434,0.003
6849.65310,14.437,0.003
6849.66607,14.435,0.003
6850.54217,14.439,0.003
6850.55154,14.438,0.003
6850.57375,14.438,0.003
6850.58482,14.442,0.003
6850.59751,14.438,0.003
6850.60855,14.437,0.003
6850.63516,14.435,0.003
6850.64589,14.431,0.003
6850.68210,14.432,0.003
6850.69627,14.437,0.003
6850.70747,14.432,0.003
6850.72344,14.435,0.003
6850.73557,14.437,0.003
6850.74916,14.438,0.003
6850.76128,14.442,0.003
6850.77435,14.433,0.003
6850.78589,14.437,0.003
6850.79967,14.432,0.003
6851.46876,14.433,0.003
6851.48533,14.432,0.003
6851.49843,14.441,0.003
6851.51477,14.435,0.003
6851.53383,14.435,0.003
6851.54824,14.433,0.003
6851.56437,14.436,0.003
6851.58040,14.431,0.003
6851.59478,14.438,0.003
6851.61040,14.433,0.003
6851.62758,14.430,0.003
6851.64371,14.434,0.003
6851.65906,14.434,0.003
6851.67559,14.435,0.003
6851.69052,14.431,0.003
6851.70582,14.434,0.003
6851.72225,14.432,0.003
6851.73726,14.429,0.003
6851.75232,14.433,0.003
6851.76866,14.439,0.003
6851.78335,14.434,0.003
6851.80051,14.437,0.003
6851.81631,14.436,0.003
6852.46909,14.443,0.003
6852.49085,14.442,0.003
6852.50712,14.442,0.003
6852.52347,14.440,0.003
6852.53811,14.439,0.003
6852.55406,14.440,0.003
6852.57037,14.436,0.003
6852.59532,14.435,0.003
6852.61109,14.430,0.003
6852.62942,14.439,0.003
6852.64613,14.439,0.003
6852.67505,14.433,0.003
6852.69398,14.435,0.003
6852.70778,14.433,0.003
6852.72252,14.427,0.003
6852.74119,14.435,0.003
6852.76461,14.437,0.003
6852.79596,14.433,0.003
6852.81298,14.440,0.003
6853.55014,14.431,0.003
6853.59467,14.439,0.003
6853.60680,14.437,0.003
6853.71652,14.436,0.003
6853.73614,14.436,0.003
6854.46737,14.439,0.003
6854.48704,14.438,0.003
6854.50487,14.433,0.003
6854.51302,14.437,0.003
6854.52903,14.433,0.003
6854.54573,14.433,0.003
6854.67437,14.431,0.003
6854.68919,14.432,0.003
6855.46731,14.434,0.003
6855.48244,14.443,0.003
6855.49881,14.435,0.003
6855.51330,14.438,0.003
6855.52801,14.436,0.003
6855.54607,14.439,0.003
6855.56079,14.436,0.003
6855.57532,14.442,0.003
6855.58976,14.438,0.003
6855.60488,14.432,0.003
6855.62084,14.431,0.003
6855.64714,14.433,0.003
6855.67204,14.432,0.003
6855.68684,14.437,0.003
6855.70140,14.435,0.003
6855.71651,14.438,0.003
6855.73141,14.437,0.003
6855.74619,14.439,0.003
6855.76276,14.438,0.003
6855.77794,14.439,0.003
6855.79228,14.438,0.003
6855.80638,14.438,0.003
6855.81902,14.438,0.003
6856.46806,14.442,0.003
6856.48271,14.439,0.003
6856.49884,14.452,0.003
6856.51338,14.445,0.003
6856.52801,14.437,0.003
6856.54246,14.439,0.003
6856.55715,14.440,0.003
6856.57194,14.438,0.003
6856.59722,14.433,0.003
6856.62317,14.432,0.003
6856.63857,14.431,0.003
6856.65344,14.434,0.003
6856.66813,14.437,0.003
6856.68270,14.433,0.003
6856.69717,14.434,0.003
6856.71160,14.434,0.003
6856.72614,14.437,0.003
6856.74283,14.435,0.003
6856.75773,14.438,0.003
6856.77276,14.435,0.003
6856.78512,14.434,0.003
6856.79765,14.435,0.003
6857.46735,14.434,0.003
6857.48443,14.442,0.003
6857.49667,14.433,0.003
6857.51130,14.435,0.003
6857.52593,14.437,0.003
6857.54087,14.436,0.003
6857.55591,14.431,0.003
6857.57070,14.436,0.003
6857.58586,14.435,0.003
6857.61022,14.439,0.003
6857.63868,14.434,0.003
6857.65377,14.434,0.003
6857.66892,14.432,0.003
6857.68361,14.437,0.003
6857.69795,14.437,0.003
6857.71240,14.441,0.003
6857.73134,14.432,0.003
6857.74784,14.438,0.003
6857.76428,14.436,0.003
6857.77678,14.437,0.003
6857.78916,14.439,0.003
6858.46724,14.440,0.003
6858.48207,14.436,0.003
6858.49691,14.435,0.003
6858.51154,14.440,0.003
6858.52652,14.436,0.003
6858.54160,14.440,0.003
6858.55614,14.433,0.003
6858.57092,14.434,0.003
6858.59517,14.441,0.003
6858.62087,14.437,0.003
6858.63793,14.435,0.003
6858.65265,14.438,0.003
6858.66728,14.431,0.003
6858.68220,14.439,0.003
6858.69679,14.435,0.003
6858.71163,14.433,0.003
6858.72619,14.436,0.003
6858.74300,14.437,0.003
6858.75795,14.440,0.003
6858.77048,14.441,0.003
6859.52335,14.443,0.003
6859.55355,14.438,0.003
6859.55855,14.438,0.003
6859.57002,14.435,0.003
6859.58539,14.437,0.003
6859.60303,14.436,0.003
6859.62998,14.434,0.003
6859.65462,14.435,0.003
6859.66964,14.434,0.003
6859.68453,14.430,0.003
6859.70337,14.437,0.003
6859.71821,14.437,0.003
6859.73432,14.436,0.003
6859.74926,14.440,0.003
6859.76428,14.434,0.003
6859.78124,14.439,0.003
6862.55801,14.436,0.003
6862.58235,14.434,0.003
6862.60897,14.439,0.003
6862.62559,14.436,0.003
6862.64064,14.432,0.003
6862.65505,14.436,0.003
6862.66949,14.433,0.003
6862.68440,14.437,0.003
6862.69894,14.444,0.003
6862.71622,14.438,0.003
6862.73066,14.438,0.003
6862.74582,14.439,0.003
6862.75812,14.441,0.003
6862.77229,14.437,0.003
6863.46833,14.439,0.003
6863.48352,14.434,0.003
6863.49824,14.437,0.003
6863.51320,14.433,0.003
6863.52809,14.433,0.003
6863.54303,14.432,0.003
6863.57147,14.440,0.003
6863.59721,14.427,0.003
6863.61392,14.431,0.003
6863.62858,14.437,0.003
6863.64334,14.436,0.003
6863.65843,14.430,0.003
6863.67359,14.432,0.003
6863.68850,14.436,0.003
6863.70357,14.433,0.003
6863.72034,14.436,0.003
6863.73579,14.436,0.003
6863.75070,14.434,0.003
6863.76581,14.440,0.003
6863.78282,14.439,0.003
6864.46720,14.434,0.003
6864.48393,14.441,0.003
6864.50019,14.433,0.003
6864.51497,14.433,0.003
6864.52981,14.439,0.003
6864.54553,14.439,0.003
6864.56131,14.440,0.003
6864.58698,14.434,0.003
6864.61190,14.434,0.003
6864.62704,14.436,0.003
6864.64181,14.435,0.003
6864.65706,14.431,0.003
6864.67171,14.433,0.003
6864.68633,14.434,0.003
6864.70304,14.438,0.003
6864.71761,14.438,0.003
6864.73254,14.437,0.003
6864.75245,14.438,0.003
6864.76939,14.442,0.003
6865.53372,14.436,0.003
6865.54480,14.436,0.003
6865.58760,14.438,0.003
6865.64967,14.437,0.003
6865.67021,14.438,0.003
6865.68877,14.439,0.003
6866.55434,14.435,0.003
6866.57449,14.438,0.003
6866.68260,14.437,0.003
6866.69924,14.439,0.003
6866.70570,14.443,0.003
6866.72591,14.439,0.003
6866.73826,14.444,0.003
6866.74952,14.441,0.003
6866.76175,14.438,0.003
6866.77259,14.438,0.003
6866.78362,14.438,0.003
6866.79596,14.439,0.003
6866.80517,14.443,0.003
6866.81035,14.441,0.003
6867.64024,14.434,0.003
6870.49112,14.440,0.003
6870.50834,14.438,0.003
6870.52480,14.438,0.003
6870.54128,14.438,0.003
6870.55732,14.436,0.003
6870.57758,14.435,0.003
6870.60398,14.430,0.003
6870.63222,14.438,0.003
6870.66888,14.435,0.003
6870.68782,14.432,0.003
6870.70557,14.440,0.003
6870.72044,14.439,0.003
6870.73658,14.435,0.003
6871.51632,14.432,0.003
6871.53443,14.434,0.003
6871.55125,14.432,0.003
6871.56912,14.432,0.003
6871.60445,14.434,0.003
6871.62720,14.435,0.003
6872.49625,14.439,0.003
6872.52519,14.434,0.003
6872.54166,14.436,0.003
6872.58492,14.435,0.003
6872.60920,14.438,0.003
6872.62554,14.436,0.003
6872.64207,14.431,0.003
6872.66345,14.432,0.003
6872.68343,14.439,0.003
6872.70079,14.438,0.003
6872.72525,14.439,0.003
6873.47024,14.436,0.003
6873.49195,14.437,0.003
6873.51181,14.435,0.003
6873.53126,14.436,0.003
6873.59537,14.434,0.003
6874.49488,14.442,0.003
6874.54607,14.436,0.003
6874.56442,14.440,0.003
6874.63546,14.434,0.003
6874.65420,14.433,0.003
6874.67299,14.433,0.003
6874.69983,14.440,0.003
6874.70836,14.439,0.003
6879.48120,14.439,0.003
6879.49565,14.434,0.003
6879.51461,14.432,0.003
6879.54064,14.433,0.003
6879.55622,14.437,0.003
6879.57400,14.443,0.003
6879.59219,14.431,0.003
6879.60916,14.437,0.003
6879.64295,14.434,0.003
6879.66028,14.431,0.003
6879.69000,14.432,0.003
6879.70512,14.433,0.003
6879.72214,14.439,0.003
6879.73863,14.435,0.003
6879.75201,14.446,0.003
6880.48640,14.441,0.003
6880.53729,14.431,0.003
6880.55630,14.432,0.003
6880.57468,14.439,0.003
6880.59908,14.434,0.003
6880.61690,14.432,0.003
6880.63628,14.434,0.003
6880.65381,14.430,0.003
6880.67117,14.440,0.003
6880.68594,14.436,0.003
6880.70381,14.434,0.003
6880.71721,14.430,0.003
6880.73008,14.435,0.003
6880.74413,14.436,0.003
6881.47907,14.437,0.003
6881.49374,14.430,0.003
6881.52886,14.436,0.003
6881.55028,14.432,0.003
6881.57491,14.432,0.003
6881.59427,14.434,0.003
6881.62033,14.435,0.003
6881.64329,14.442,0.003
6881.66363,14.435,0.003
6881.68950,14.435,0.003
6881.71602,14.441,0.003
6881.73006,14.441,0.003
6882.47237,14.433,0.003
6882.48712,14.441,0.003
6882.51183,14.436,0.003
6882.52772,14.438,0.003
6882.54497,14.437,0.003
6882.56055,14.435,0.003
6882.57582,14.439,0.003
6882.59077,14.435,0.003
6882.60558,14.434,0.003
6882.62134,14.435,0.003
6882.63616,14.439,0.003
6882.65155,14.441,0.003
6882.66977,14.435,0.003
6882.68467,14.437,0.003
6882.70323,14.436,0.003
6882.71663,14.437,0.003
6882.73087,14.439,0.003
6883.47467,14.436,0.003
6883.48971,14.438,0.003
6883.50499,14.441,0.003
6883.51845,14.443,0.003
6883.53317,14.437,0.003
6883.54838,14.436,0.003
6883.56447,14.436,0.003
6883.57780,14.438,0.003
6883.59266,14.428,0.003
6883.62632,14.436,0.003
6883.64822,14.437,0.003
6883.66510,14.435,0.003
6883.68264,14.436,0.003
6883.72743,14.434,0.003
6884.67467,14.437,0.003
6884.68947,14.441,0.003
6884.70423,14.446,0.003
6884.71697,14.443,0.003
6884.72959,14.448,0.003
6885.47202,14.439,0.003
6885.48695,14.439,0.003
6885.50183,14.440,0.003
6885.52763,14.441,0.003
6885.55497,14.442,0.003
6885.57069,14.434,0.003
6885.58570,14.439,0.003
6885.60062,14.438,0.003
6885.61537,14.439,0.003
6885.63378,14.439,0.003
6885.64887,14.435,0.003
6885.66586,14.443,0.003
6885.68132,14.444,0.003
6885.69651,14.447,0.003
6885.71139,14.439,0.003
6885.72428,14.439,0.003
6886.47237,14.440,0.003
6886.48881,14.435,0.003
6886.50574,14.430,0.003
6886.53092,14.441,0.003
6886.55855,14.440,0.003
6886.57389,14.433,0.003
6886.58896,14.433,0.003
6886.60377,14.437,0.003
6886.61903,14.439,0.003
6886.63523,14.436,0.003
6886.65058,14.435,0.003
6886.66619,14.439,0.003
6886.68127,14.437,0.003
6886.69679,14.437,0.003
6886.70944,14.434,0.003
6886.72305,14.438,0.003
6887.47420,14.434,0.003
6887.48885,14.434,0.003
6887.51315,14.438,0.003
6887.54007,14.441,0.003
6887.55828,14.434,0.003
6887.57434,14.435,0.003
6887.58972,14.432,0.003
6887.60581,14.433,0.003
6887.62107,14.436,0.003
6887.63672,14.439,0.003
6887.65500,14.438,0.003
6887.67140,14.437,0.003
6887.68666,14.438,0.003
6887.70004,14.439,0.003
6887.71288,14.446,0.003
6888.47229,14.433,0.003
6888.48704,14.436,0.003
6888.51293,14.432,0.003
6888.53849,14.435,0.003
6888.55570,14.437,0.003
6888.57028,14.434,0.003
6888.58516,14.434,0.003
6888.60455,14.433,0.003
6888.62170,14.436,0.003
6888.63641,14.434,0.003
6888.65230,14.435,0.003
6888.67307,14.438,0.003
6888.68799,14.439,0.003
6888.70078,14.437,0.003
6888.71420,14.431,0.003
6889.47431,14.433,0.003
6889.48888,14.438,0.003
6889.51276,14.436,0.003
6889.54052,14.442,0.003
6889.55551,14.437,0.003
6889.57050,14.434,0.003
6889.58786,14.432,0.003
6889.60287,14.439,0.003
6889.62007,14.439,0.003
6889.63488,14.438,0.003
6889.65013,14.441,0.003
6889.66544,14.435,0.003
6889.68256,14.439,0.003
6889.69523,14.448,0.003
6889.70822,14.437,0.003
6890.47467,14.432,0.003
6890.49955,14.435,0.003
6890.52509,14.436,0.003
6890.54127,14.438,0.003
6890.55921,14.438,0.003
6890.57413,14.440,0.003
6890.59111,14.432,0.003
6890.60589,14.440,0.003
6890.62085,14.434,0.003
6890.63578,14.440,0.003
6890.65050,14.439,0.003
6890.66523,14.438,0.003
6890.68000,14.433,0.003
6890.69265,14.438,0.003
6890.70524,14.439,0.003
6891.47476,14.440,0.003
6891.50243,14.440,0.003
6891.53014,14.441,0.003
6891.54633,14.431,0.003
6891.56113,14.435,0.003
6891.57632,14.434,0.003
6891.59159,14.434,0.003
6891.61014,14.439,0.003
6891.62604,14.439,0.003
6891.64089,14.437,0.003
6891.65574,14.439,0.003
6891.67062,14.443,0.003
6891.68574,14.439,0.003
6891.69840,14.441,0.003
6891.71056,14.434,0.003
6895.47643,14.449,0.003
6895.49408,14.450,0.003
6895.52498,14.436,0.003
6895.54959,14.431,0.003
6895.56408,14.436,0.003
6895.57983,14.431,0.003
6895.59439,14.438,0.003
6895.60873,14.437,0.003
6895.62665,14.432,0.003
6895.64109,14.435,0.003
6895.65642,14.436,0.003
6895.67233,14.433,0.003
6895.68684,14.440,0.003
6895.70137,14.439,0.003
6896.47550,14.437,0.003
6896.49682,14.433,0.003
6896.52340,14.434,0.003
6896.54874,14.436,0.003
6896.56395,14.438,0.003
6896.57862,14.429,0.003
6896.59330,14.432,0.003
6896.60797,14.436,0.003
6896.62250,14.435,0.003
6896.63732,14.440,0.003
6898.47287,14.436,0.003
6898.48584,14.433,0.003
6898.51077,14.435,0.003
6898.60634,14.431,0.003
6898.62686,14.437,0.003
6900.49268,14.450,0.003
6900.50724,14.457,0.003
6900.52130,14.454,0.003
6900.53509,14.457,0.003
6906.49187,14.434,0.003
6907.47441,14.429,0.003
6907.49240,14.433,0.003
6907.50970,14.430,0.003
6907.52446,14.435,0.003
6907.53917,14.434,0.003
6907.55356,14.433,0.003
6907.56805,14.436,0.003
6907.58254,14.433,0.003
6907.59686,14.440,0.003
6907.61129,14.436,0.003
6907.62637,14.437,0.003
6907.64064,14.437,0.003
6907.65660,14.437,0.003
6908.47871,14.435,0.003
6908.49340,14.435,0.003
6908.50730,14.437,0.003
6908.52055,14.431,0.003
6908.53382,14.433,0.003
6908.54684,14.437,0.003
6908.55980,14.428,0.003
6908.58138,14.407,0.003
6908.59852,14.435,0.003
6908.61271,14.439,0.003
6908.63664,14.432,0.003
6909.47758,14.441,0.003
6909.49479,14.433,0.003
6909.52359,14.434,0.003
6909.53852,14.433,0.003
6909.55541,14.440,0.003
6909.58033,14.436,0.003
6909.59484,14.428,0.003
6909.60986,14.431,0.003
6909.62436,14.434,0.003
6909.63878,14.428,0.003
6909.65448,14.429,0.003
6910.57649,14.430,0.003
6912.48127,14.434,0.003
6912.49259,14.440,0.003
6912.51655,14.436,0.003
6912.53109,14.442,0.003
6912.54549,14.441,0.003
6912.56654,14.440,0.003
6912.58156,14.442,0.003
6912.59587,14.430,0.003
6912.61058,14.440,0.003
6912.62474,14.430,0.003
6912.63907,14.435,0.003
6915.47868,14.441,0.003
6915.49504,14.436,0.003
6915.51717,14.439,0.003
6915.53157,14.442,0.003
6915.54586,14.446,0.003
6915.56018,14.440,0.003
6915.57464,14.440,0.003
6915.58928,14.438,0.003
6915.60436,14.442,0.003
6915.62052,14.442,0.003
6915.63630,14.442,0.003
6916.50655,14.436,0.003
6916.52883,14.435,0.003
6918.48632,14.441,0.003
6918.50099,14.436,0.003
6918.52925,14.436,0.003
6918.54384,14.432,0.003
6918.55846,14.440,0.003
6918.57272,14.435,0.003
6918.58825,14.437,0.003
6918.60421,14.436,0.003
6918.61897,14.434,0.003
6918.63645,14.441,0.003
6919.48021,14.441,0.003
6919.49847,14.442,0.003
6919.52817,14.437,0.003
6919.54275,14.437,0.003
6919.55750,14.436,0.003
6919.57199,14.440,0.003
6919.58663,14.438,0.003
6919.60233,14.442,0.003
6920.48209,14.433,0.003
6920.50697,14.441,0.003
6920.52372,14.436,0.003
6921.51055,14.435,0.003
6921.61209,14.438,0.003
6921.62515,14.440,0.003
6921.63715,14.436,0.003
6922.47810,14.430,0.003
6922.49260,14.431,0.003
6922.50713,14.441,0.003
6922.52158,14.440,0.003
6922.53591,14.431,0.003
6922.55096,14.436,0.003
6922.56677,14.439,0.003
6922.58129,14.435,0.003
6922.59590,14.438,0.003
6922.61068,14.439,0.003
6923.47913,14.431,0.003
6923.49654,14.436,0.003
6923.51176,14.435,0.003
6923.52837,14.435,0.003
6923.54470,14.436,0.003
6923.55894,14.429,0.003
6923.57871,14.431,0.003
6923.59936,14.435,0.003
6924.48016,14.429,0.003
6924.49484,14.434,0.003
6924.50941,14.436,0.003
6924.52376,14.434,0.003
6924.53814,14.432,0.003
6924.55265,14.436,0.003
6924.56736,14.435,0.003
6924.58365,14.439,0.003
6924.59837,14.437,0.003
6924.61276,14.435,0.003
6925.50391,14.431,0.003
6925.52037,14.433,0.003
6925.53457,14.432,0.003
6925.54918,14.438,0.003
6925.56410,14.434,0.003
6925.57876,14.441,0.003
6925.59510,14.434,0.003
6925.60952,14.435,0.003
6926.47946,14.435,0.003
6926.49385,14.428,0.003
6926.51055,14.432,0.003
6926.53029,14.432,0.003
6926.54466,14.438,0.003
6926.55949,14.433,0.003
6926.57375,14.431,0.003
6926.58810,14.435,0.003
6926.60286,14.439,0.003
6927.48631,14.428,0.003
6927.52085,14.431,0.003
6927.53544,14.433,0.003
6927.54984,14.433,0.003
6927.56448,14.429,0.003
6927.57918,14.439,0.003
6927.59398,14.436,0.003
6927.60831,14.439,0.003
6928.47947,14.435,0.003
6928.50634,14.433,0.003
6928.52484,14.438,0.003
6928.54164,14.433,0.003
6928.55590,14.434,0.003
6928.57020,14.431,0.003
6928.58636,14.438,0.003
6929.48632,14.432,0.003
6929.50245,14.440,0.003
6929.51728,14.431,0.003
6929.54428,14.439,0.003
6929.55856,14.438,0.003
6929.57296,14.444,0.003
6929.58745,14.438,0.003
6929.60165,14.431,0.003
6930.48456,14.435,0.003
6930.50033,14.434,0.003
6930.51727,14.430,0.003
6930.53369,14.429,0.003
6930.54963,14.432,0.003
6930.56472,14.429,0.003
6930.58582,14.426,0.003
6930.60047,14.436,0.003
6936.48309,14.432,0.003
6936.53074,14.437,0.003
6937.48413,14.431,0.003
6937.52830,14.431,0.003
6937.57286,14.432,0.003
6938.51322,14.423,0.003
6938.55746,14.433,0.003
6939.53821,14.436,0.003
6940.51761,14.433,0.003
6940.56069,14.431,0.003
6942.48457,14.430,0.003
6942.53150,14.441,0.003
6943.48424,14.428,0.003
6943.53683,14.443,0.003
6944.51953,14.442,0.003
6947.48441,14.437,0.003
6947.52549,14.440,0.003
6948.52579,14.436,0.003
6950.52337,14.432,0.003
6950.55154,14.438,0.003
6951.52858,14.439,0.003
6952.53470,14.432,0.003
6954.49345,14.436,0.003
6955.49441,14.437,0.003
6955.53711,14.437,0.003
6959.52931,14.596,0.003
7059.88505,14.445,0.003
7060.87821,14.443,0.003
7061.87244,14.436,0.003
7061.88809,14.437,0.003
7062.86995,14.459,0.003
7062.88561,14.456,0.003
7063.85850,14.446,0.003
7064.85965,14.441,0.003
7065.84967,14.437,0.003
7065.88740,14.431,0.003
7066.88085,14.438,0.003
7069.86496,14.437,0.003
7070.83873,14.433,0.003
7070.87704,14.438,0.003
7071.85142,14.435,0.003
7071.88956,14.439,0.003
7072.85923,14.441,0.003
7072.89701,14.438,0.003
7074.87525,14.440,0.003
7075.85135,14.440,0.003
7075.89038,14.443,0.003
7076.85283,14.442,0.003
7076.89196,14.436,0.003
7077.85054,14.441,0.003
7077.88806,14.439,0.003
7078.84122,14.447,0.003
7078.87921,14.437,0.003
7079.83202,14.441,0.003
7080.83517,14.444,0.003
7080.85430,14.443,0.003
7081.87654,14.446,0.003
7082.82417,14.442,0.003
7082.84319,14.436,0.003
7082.88276,14.441,0.003
7083.82679,14.441,0.003
7083.86331,14.442,0.003
7084.82486,14.436,0.003
7084.84316,14.440,0.003
7084.88798,14.438,0.003
7085.81459,14.442,0.003
7085.86079,14.442,0.003
7085.90624,14.444,0.003
7086.82779,14.437,0.003
7086.87274,14.439,0.003
7087.81467,14.439,0.003
7087.84022,14.441,0.003
7087.88379,14.436,0.003
7088.81169,14.436,0.003
7088.85510,14.440,0.003
7088.89975,14.439,0.003
7089.81965,14.433,0.003
7089.86528,14.438,0.003
7090.80671,14.439,0.003
7090.83042,14.438,0.003
7090.87464,14.439,0.003
7091.80585,14.442,0.003
7091.82804,14.435,0.003
7091.87313,14.435,0.003
7092.79408,14.436,0.003
7092.82083,14.440,0.003
7092.86092,14.437,0.003
7092.89901,14.436,0.003
7093.87067,14.435,0.003
7097.78810,14.438,0.003
7097.81154,14.440,0.003
7097.85562,14.434,0.003
7097.89954,14.440,0.003
7098.80491,14.436,0.003
7098.85918,14.438,0.003
7098.90398,14.436,0.003
7099.80084,14.435,0.003
7099.84704,14.432,0.003
7099.90694,14.436,0.003
7100.77735,14.439,0.003
7100.82364,14.441,0.003
7100.86864,14.438,0.003
7100.91823,14.439,0.003
7101.82080,14.435,0.003
7101.88562,14.437,0.003
7102.79127,14.444,0.003
7102.84703,14.441,0.003
7102.90468,14.439,0.003
7103.84212,14.441,0.003
7104.81829,14.431,0.003
7108.78666,14.438,0.003
7108.83560,14.434,0.003
7109.76009,14.448,0.003
7109.78405,14.440,0.003
7109.83002,14.441,0.003
7109.88811,14.435,0.003
7110.75042,14.442,0.003
7110.78363,14.442,0.003
7110.82846,14.439,0.003
7110.89498,14.439,0.003
7111.75997,14.443,0.003
7111.80439,14.443,0.003
7111.87000,14.439,0.003
7111.91741,14.437,0.003
7112.76745,14.438,0.003
7112.82157,14.438,0.003
7112.87691,14.438,0.003
7113.73866,14.442,0.003
7113.74405,14.442,0.003
7113.76023,14.439,0.003
7113.77478,14.440,0.003
7113.78949,14.442,0.003
7113.80412,14.442,0.003
7113.81886,14.438,0.003
7113.83368,14.437,0.003
7113.85957,14.437,0.003
7113.87430,14.443,0.003
7113.89035,14.444,0.003
7113.90610,14.438,0.003
7113.91920,14.435,0.003
7114.75220,14.445,0.003
7114.75612,14.438,0.003
7114.77067,14.440,0.003
7114.78536,14.444,0.003
7114.80055,14.437,0.003
7114.81522,14.443,0.003
7114.84131,14.442,0.003
7114.85609,14.438,0.003
7114.87177,14.435,0.003
7114.88726,14.440,0.003
7114.90293,14.436,0.003
7114.91843,14.442,0.003
7115.73474,14.445,0.003
7115.74208,14.440,0.003
7115.75660,14.439,0.003
7115.77114,14.440,0.003
7115.78560,14.440,0.003
7115.79993,14.436,0.003
7115.81436,14.442,0.003
7115.84350,14.434,0.003
7115.85806,14.441,0.003
7115.88167,14.434,0.003
7115.89790,14.442,0.003
7115.91671,14.433,0.003
7116.72571,14.439,0.003
7116.73115,14.436,0.003
7116.74737,14.442,0.003
7116.76590,14.445,0.003
7116.78064,14.443,0.003
7116.79531,14.443,0.003
7116.81003,14.433,0.003
7116.82487,14.438,0.003
7116.84875,14.438,0.003
7116.87296,14.438,0.003
7116.89003,14.437,0.003
7116.90472,14.437,0.003
7116.91808,14.435,0.003
7117.72105,14.436,0.003
7117.72642,14.441,0.003
7117.74803,14.435,0.003
7117.76288,14.436,0.003
7117.77715,14.435,0.003
7117.79297,14.438,0.003
7117.80750,14.438,0.003
7117.82184,14.434,0.003
7117.83780,14.436,0.003
7117.86139,14.440,0.003
7117.87656,14.434,0.003
7117.89409,14.435,0.003
7117.91236,14.436,0.003
7118.73852,14.457,0.003
7118.75024,14.470,0.003
7118.76939,14.454,0.003
7118.78487,14.451,0.003
7118.80054,14.452,0.003
7118.82528,14.438,0.003
7118.84092,14.436,0.003
7118.85657,14.441,0.003
7118.87148,14.434,0.003
7118.88840,14.439,0.003
7118.90459,14.436,0.003
7118.91969,14.437,0.003
7119.71621,14.436,0.003
7119.75514,14.438,0.003
7119.76666,14.439,0.003
7119.78149,14.435,0.003
7119.79583,14.438,0.003
7119.81025,14.435,0.003
7119.82467,14.434,0.003
7119.83915,14.435,0.003
7119.85418,14.435,0.003
7119.86927,14.431,0.003
7119.88486,14.436,0.003
7119.90375,14.432,0.003
7119.91620,14.442,0.003
7120.71895,14.445,0.003
7120.72853,14.437,0.003
7120.74090,14.441,0.003
7120.75327,14.439,0.003
7120.76964,14.436,0.003
7120.78301,14.432,0.003
7120.79544,14.436,0.003
7120.80771,14.434,0.003
7120.82004,14.438,0.003
7120.83251,14.433,0.003
7120.84665,14.439,0.003
7120.85926,14.436,0.003
7120.87164,14.433,0.003
7120.88396,14.432,0.003
7120.89914,14.435,0.003
7120.91219,14.434,0.003
7125.70023,14.438,0.003
7125.71196,14.447,0.003
7125.72655,14.436,0.003
7125.74115,14.443,0.003
7125.75911,14.436,0.003
7125.77569,14.438,0.003
7125.79185,14.438,0.003
7125.80810,14.437,0.003
7125.82302,14.441,0.003
7125.84859,14.439,0.003
7125.86581,14.439,0.003
7125.88461,14.439,0.003
7125.89937,14.439,0.003
7125.91392,14.438,0.003
7125.92860,14.440,0.003
7126.69642,14.449,0.003
7126.71090,14.445,0.003
7126.72523,14.439,0.003
7126.74154,14.435,0.003
7126.75960,14.437,0.003
7126.77778,14.438,0.003
7126.79571,14.442,0.003
7126.82563,14.442,0.003
7126.84258,14.442,0.003
7126.87029,14.436,0.003
7126.89072,14.445,0.003
7126.90952,14.440,0.003
7126.92248,14.435,0.003
7129.68745,14.445,0.003
7129.69917,14.441,0.003
7129.71398,14.441,0.003
7129.72890,14.437,0.003
7129.74358,14.445,0.003
7129.75832,14.443,0.003
7129.77303,14.437,0.003
7129.79678,14.432,0.003
7129.81131,14.438,0.003
7129.83541,14.439,0.003
7129.85088,14.445,0.003
7129.86615,14.438,0.003
7129.88420,14.440,0.003
7129.89611,14.437,0.003
7129.91078,14.436,0.003
7129.92544,14.435,0.003
7130.68434,14.437,0.003
7130.69560,14.435,0.003
7130.70994,14.439,0.003
7130.72439,14.434,0.003
7130.73920,14.440,0.003
7130.75394,14.436,0.003
7130.76852,14.436,0.003
7130.79209,14.436,0.003
7130.80688,14.433,0.003
7130.83132,14.436,0.003
7130.84652,14.432,0.003
7130.86189,14.435,0.003
7130.88182,14.437,0.003
7130.89243,14.434,0.003
7130.90722,14.431,0.003
7130.92163,14.438,0.003
7131.68528,14.433,0.003
7131.69678,14.439,0.003
7131.71134,14.438,0.003
7131.72582,14.439,0.003
7131.74048,14.440,0.003
7131.75493,14.439,0.003
7131.76935,14.436,0.003
7131.79714,14.441,0.003
7131.81167,14.436,0.003
7131.82627,14.438,0.003
7131.85084,14.446,0.003
7131.87053,14.438,0.003
7131.88313,14.438,0.003
7131.89811,14.436,0.003
7131.91307,14.437,0.003
7131.92780,14.437,0.003
7132.67890,14.439,0.003
7132.69065,14.442,0.003
7132.70529,14.438,0.003
7132.71964,14.438,0.003
7132.73420,14.436,0.003
7132.74851,14.439,0.003
7132.76297,14.437,0.003
7132.78645,14.438,0.003
7132.80099,14.439,0.003
7132.81624,14.434,0.003
7132.84917,14.440,0.003
7132.85140,14.434,0.003
7133.80134,14.434,0.003
7133.81584,14.434,0.003
7133.83125,14.437,0.003
7133.84696,14.438,0.003
7133.86336,14.439,0.003
7133.87914,14.431,0.003
7133.89361,14.433,0.003
7133.90819,14.449,0.003
7133.92262,14.450,0.003
7134.67473,14.443,0.003
7134.68154,14.434,0.003
7134.69087,14.437,0.003
7134.70347,14.441,0.003
7134.71836,14.435,0.003
7134.73329,14.443,0.003
7134.74802,14.436,0.003
7134.76275,14.431,0.003
7134.77747,14.435,0.003
7134.79201,14.435,0.003
7134.81717,14.436,0.003
7134.84238,14.437,0.003
7134.85869,14.440,0.003
7134.87427,14.435,0.003
7134.88941,14.437,0.003
7134.90416,14.436,0.003
7134.91871,14.432,0.003
7135.67433,14.435,0.003
7135.69063,14.439,0.003
7135.70560,14.438,0.003
7135.72012,14.440,0.003
7135.73475,14.439,0.003
7135.74911,14.439,0.003
7135.76415,14.439,0.003
7135.77883,14.433,0.003
7135.79353,14.437,0.003
7135.81747,14.439,0.003
7135.84413,14.444,0.003
7135.86100,14.444,0.003
7135.87696,14.441,0.003
7135.89156,14.441,0.003
7135.90620,14.446,0.003
7135.92076,14.437,0.003
7136.66781,14.434,0.003
7136.68265,14.443,0.003
7136.69724,14.439,0.003
7136.71216,14.437,0.003
7136.72648,14.437,0.003
7136.74092,14.437,0.003
7136.75541,14.433,0.003
7136.76992,14.434,0.003
7136.78448,14.437,0.003
7136.79894,14.434,0.003
7136.82344,14.434,0.003
7136.84903,14.430,0.003
7136.86465,14.438,0.003
7136.88004,14.430,0.003
7136.89486,14.437,0.003
7136.90976,14.435,0.003
7136.92441,14.432,0.003
7137.66217,14.439,0.003
7137.67708,14.434,0.003
7137.69171,14.439,0.003
7137.70640,14.436,0.003
7137.72121,14.439,0.003
7137.73599,14.442,0.003
7137.75083,14.434,0.003
7137.76569,14.440,0.003
7137.78043,14.439,0.003
7137.80496,14.436,0.003
7137.82997,14.434,0.003
7137.84598,14.435,0.003
7137.86276,14.437,0.003
7137.87759,14.435,0.003
7137.89239,14.435,0.003
7137.90705,14.434,0.003
7137.92147,14.440,0.003
7138.66190,14.446,0.003
7138.66959,14.442,0.003
7138.67896,14.445,0.003
7138.69146,14.444,0.003
7138.70620,14.440,0.003
7138.72098,14.440,0.003
7138.73595,14.440,0.003
7138.75156,14.428,0.003
7138.76638,14.440,0.003
7138.78089,14.438,0.003
7138.79557,14.442,0.003
7138.82038,14.437,0.003
7138.84695,14.435,0.003
7138.86262,14.442,0.003
7138.87814,14.434,0.003
7138.89280,14.437,0.003
7138.90734,14.436,0.003
7138.92254,14.441,0.003
7139.65824,14.440,0.003
7139.67318,14.441,0.003
7139.70695,14.436,0.003
7139.71914,14.442,0.003
7139.73158,14.437,0.003
7139.74395,14.443,0.003
7139.75958,14.441,0.003
7139.77436,14.442,0.003
7139.79896,14.430,0.003
7139.82367,14.437,0.003
7139.83733,14.433,0.003
7139.85500,14.443,0.003
7139.87015,14.437,0.003
7139.88500,14.436,0.003
7139.90076,14.442,0.003
7139.91560,14.443,0.003
7139.93025,14.438,0.003
7140.65492,14.440,0.003
7140.66716,14.438,0.003
7140.67959,14.436,0.003
7140.69234,14.438,0.003
7140.70489,14.440,0.003
7140.71963,14.438,0.003
7140.73408,14.434,0.003
7140.74844,14.441,0.003
7140.76293,14.440,0.003
7140.77728,14.444,0.003
7140.80091,14.440,0.003
7140.82645,14.437,0.003
7140.83929,14.443,0.003
7140.85655,14.438,0.003
7140.87137,14.436,0.003
7140.88627,14.442,0.003
7140.90094,14.437,0.003
7140.91558,14.439,0.003
7140.93033,14.441,0.003
7141.65049,14.437,0.003
7141.66494,14.444,0.003
7141.68073,14.438,0.003
7141.69555,14.440,0.003
7141.70989,14.441,0.003
7141.72469,14.446,0.003
7141.73963,14.440,0.003
7141.75464,14.446,0.003
7141.76907,14.442,0.003
7141.78391,14.444,0.003
7141.80842,14.441,0.003
7141.83030,14.451,0.003
7141.85197,14.439,0.003
7141.86733,14.441,0.003
7141.88190,14.440,0.003
7141.89537,14.435,0.003
7141.91150,14.438,0.003
7141.92426,14.440,0.003
7142.65516,14.436,0.003
7142.66297,14.439,0.003
7142.67514,14.439,0.003
7142.69017,14.440,0.003
7142.70608,14.441,0.003
7142.72101,14.439,0.003
7142.73585,14.441,0.003
7142.75086,14.439,0.003
7142.76574,14.434,0.003
7142.78061,14.438,0.003
7142.79529,14.440,0.003
7142.82075,14.435,0.003
7142.84710,14.436,0.003
7142.86171,14.436,0.003
7142.87628,14.432,0.003
7142.89137,14.439,0.003
7142.90587,14.436,0.003
7142.92020,14.443,0.003
7142.93463,14.437,0.003
7143.64984,14.440,0.003
7143.66109,14.437,0.003
7143.67790,14.437,0.003
7143.69225,14.438,0.003
7143.70650,14.441,0.003
7143.72087,14.440,0.003
7143.73572,14.436,0.003
7143.75037,14.437,0.003
7143.76498,14.437,0.003
7143.77994,14.444,0.003
7143.79511,14.435,0.003
7143.81148,14.442,0.003
7143.83356,14.441,0.003
7143.85023,14.438,0.003
7143.86592,14.442,0.003
7143.89017,14.436,0.003
7143.91390,14.437,0.003
7143.92990,14.435,0.003
7144.64922,14.444,0.003
7144.65699,14.436,0.003
7144.66940,14.432,0.003
7144.68217,14.441,0.003
7144.69694,14.437,0.003
7144.71187,14.441,0.003
7144.73082,14.442,0.003
7144.74550,14.438,0.003
7144.76671,14.435,0.003
7144.78405,14.439,0.003
7144.82067,14.434,0.003
7144.83758,14.438,0.003
7144.85417,14.437,0.003
7144.86887,14.435,0.003
7145.68672,14.431,0.003
7145.71492,14.438,0.003
7145.74777,14.435,0.003
7145.76270,14.439,0.003
7145.77793,14.436,0.003
7145.79258,14.434,0.003
7145.80771,14.437,0.003
7145.82380,14.439,0.003
7145.83945,14.433,0.003
7145.85414,14.434,0.003
7145.86872,14.434,0.003
7145.88494,14.439,0.003
7145.89956,14.433,0.003
7145.91431,14.439,0.003
7145.92867,14.438,0.003
7146.63648,14.438,0.003
7146.64900,14.437,0.003
7146.66164,14.438,0.003
7146.67448,14.436,0.003
7146.68682,14.440,0.003
7146.69914,14.437,0.003
7146.71146,14.438,0.003
7146.72382,14.440,0.003
7146.73613,14.433,0.003
7146.74850,14.436,0.003
7146.76084,14.435,0.003
7146.77319,14.436,0.003
7146.78576,14.435,0.003
7146.79872,14.442,0.003
7146.81234,14.438,0.003
7146.82581,14.439,0.003
7146.83962,14.433,0.003
7146.85256,14.436,0.003
7146.86521,14.437,0.003
7146.87781,14.435,0.003
7146.89028,14.436,0.003
7146.90256,14.438,0.003
7146.91503,14.441,0.003
7146.92769,14.435,0.003
7147.64300,14.447,0.003
7147.65556,14.437,0.003
7147.66807,14.442,0.003
7147.68070,14.435,0.003
7147.69346,14.440,0.003
7147.70606,14.442,0.003
7147.71863,14.438,0.003
7147.73111,14.439,0.003
7147.74358,14.438,0.003
7147.75603,14.435,0.003
7147.76859,14.432,0.003
7147.78084,14.435,0.003
7147.79344,14.437,0.003
7147.80745,14.440,0.003
7147.82016,14.439,0.003
7147.83335,14.437,0.003
7147.84632,14.435,0.003
7147.86034,14.436,0.003
7147.87297,14.438,0.003
7147.88716,14.436,0.003
7147.89982,14.434,0.003
7147.91214,14.434,0.003
7147.92453,14.436,0.003
7148.70374,14.436,0.003
7148.78639,14.435,0.003
7148.86127,14.442,0.003
7148.93293,14.437,0.003
7150.81183,14.431,0.003
7150.82792,14.442,0.003
7150.83963,14.438,0.003
7151.69852,14.436,0.003
7151.71123,14.435,0.003
7151.73403,14.440,0.003
7151.75582,14.437,0.003
7151.77834,14.436,0.003
7151.80672,14.437,0.003
7151.82235,14.435,0.003
7151.83486,14.435,0.003
7151.87300,14.434,0.003
7151.90527,14.438,0.003
7152.75250,14.436,0.003
7152.76708,14.435,0.003
7152.78258,14.435,0.003
7152.79960,14.430,0.003
7152.81672,14.435,0.003
7152.82947,14.433,0.003
7152.84442,14.431,0.003
7152.85963,14.432,0.003
7152.87462,14.436,0.003
7152.88940,14.431,0.003
7152.90394,14.435,0.003
7152.91868,14.436,0.003
7152.93338,14.438,0.003
7153.62284,14.437,0.003
7153.63776,14.439,0.003
7153.65283,14.439,0.003
7153.66753,14.441,0.003
7153.68200,14.432,0.003
7153.69677,14.436,0.003
7153.71166,14.441,0.003
7153.72657,14.440,0.003
7153.74119,14.440,0.003
7153.75571,14.436,0.003
7153.77023,14.435,0.003
7153.78536,14.438,0.003
7153.79934,14.436,0.003
7153.81595,14.438,0.003
7153.83209,14.438,0.003
7153.84643,14.436,0.003
7153.86108,14.437,0.003
7153.87583,14.435,0.003
7153.89187,14.431,0.003
7153.90662,14.430,0.003
7153.92138,14.432,0.003
7153.93647,14.433,0.003
7154.64522,14.442,0.003
7154.66221,14.433,0.003
7154.67677,14.441,0.003
7154.69128,14.438,0.003
7154.71149,14.437,0.003
7154.72597,14.439,0.003
7154.74054,14.437,0.003
7154.75531,14.443,0.003
7154.77077,14.442,0.003
7154.78632,14.439,0.003
7154.81852,14.436,0.003
7154.84232,14.437,0.003
7154.85697,14.438,0.003
7154.87170,14.437,0.003
7154.88624,14.435,0.003
7154.90070,14.438,0.003
7154.91505,14.442,0.003
7154.93009,14.439,0.003
7155.61476,14.438,0.003
7155.62948,14.444,0.003
7155.64590,14.442,0.003
7155.66094,14.446,0.003
7155.67678,14.443,0.003
7155.69186,14.439,0.003
7155.70678,14.438,0.003
7155.72157,14.436,0.003
7155.73627,14.438,0.003
7155.75097,14.439,0.003
7155.76820,14.440,0.003
7155.78402,14.442,0.003
7155.80909,14.442,0.003
7155.83514,14.433,0.003
7155.84955,14.432,0.003
7155.86392,14.433,0.003
7155.87843,14.439,0.003
7155.89314,14.436,0.003
7155.90756,14.436,0.003
7155.92202,14.440,0.003
7155.93642,14.433,0.003
7156.61660,14.438,0.003
7156.63106,14.435,0.003
7156.64386,14.441,0.003
7156.65618,14.447,0.003
7156.67144,14.438,0.003
7156.68654,14.445,0.003
7156.70285,14.440,0.003
7156.71740,14.434,0.003
7156.73206,14.436,0.003
7156.76894,14.439,0.003
7156.79436,14.440,0.003
7156.82339,14.441,0.003
7156.88218,14.436,0.003
7157.61100,14.441,0.003
7157.62570,14.441,0.003
7157.64053,14.440,0.003
7157.65513,14.435,0.003
7157.66963,14.428,0.003
7157.69006,14.437,0.003
7157.70461,14.439,0.003
7157.73365,14.438,0.003
7157.74806,14.441,0.003
7157.76454,14.436,0.003
7157.82727,14.438,0.003
7157.85163,14.439,0.003
7157.86654,14.434,0.003
7157.88158,14.439,0.003
7157.89638,14.436,0.003
7157.91110,14.433,0.003
7157.92600,14.436,0.003
7157.94087,14.436,0.003
7158.63348,14.441,0.003
7158.64815,14.438,0.003
7158.66309,14.441,0.003
7158.67758,14.439,0.003
7158.69241,14.438,0.003
7158.70691,14.437,0.003
7158.72137,14.435,0.003
7158.73609,14.438,0.003
7158.75054,14.439,0.003
7158.76493,14.440,0.003
7158.79074,14.432,0.003
7158.81786,14.435,0.003
7158.83281,14.441,0.003
7158.84718,14.438,0.003
7158.86166,14.438,0.003
7158.87602,14.433,0.003
7158.89070,14.432,0.003
7158.90545,14.440,0.003
7158.92009,14.432,0.003
7158.93485,14.433,0.003
7159.60527,14.437,0.003
7159.61979,14.440,0.003
7159.63481,14.436,0.003
7159.64922,14.439,0.003
7159.66384,14.438,0.003
7159.67840,14.440,0.003
7159.69293,14.434,0.003
7159.70748,14.441,0.003
7159.72218,14.437,0.003
7159.73702,14.433,0.003
7159.75231,14.435,0.003
7159.77774,14.438,0.003
7159.80398,14.430,0.003
7159.81863,14.436,0.003
7159.83320,14.435,0.003
7159.84815,14.436,0.003
7159.86263,14.437,0.003
7159.87704,14.437,0.003
7159.89153,14.433,0.003
7159.90659,14.436,0.003
7159.92165,14.438,0.003
7159.94174,14.430,0.003
7160.61070,14.432,0.003
7160.62546,14.440,0.003
7160.64111,14.438,0.003
7160.65660,14.438,0.003
7160.67207,14.438,0.003
7160.68661,14.443,0.003
7160.70112,14.436,0.003
7160.71561,14.436,0.003
7160.72996,14.443,0.003
7160.74453,14.429,0.003
7160.76941,14.436,0.003
7160.79778,14.438,0.003
7160.81238,14.435,0.003
7160.82677,14.436,0.003
7160.84128,14.430,0.003
7160.85577,14.433,0.003
7160.87029,14.439,0.003
7160.88466,14.434,0.003
7160.90368,14.440,0.003
7160.91806,14.433,0.003
7160.93295,14.435,0.003
7161.60630,14.433,0.003
7161.62222,14.438,0.003
7161.63688,14.441,0.003
7161.66898,14.435,0.003
7161.68490,14.436,0.003
7161.69958,14.436,0.003
7161.71418,14.438,0.003
7161.72869,14.438,0.003
7161.75265,14.434,0.003
7161.77872,14.439,0.003
7161.79397,14.441,0.003
7161.80904,14.434,0.003
7161.82393,14.438,0.003
7161.83878,14.437,0.003
7161.85348,14.436,0.003
7161.86808,14.438,0.003
7161.88261,14.440,0.003
7161.89934,14.436,0.003
7161.91428,14.434,0.003
7161.92900,14.442,0.003
7162.59796,14.444,0.003
7162.61302,14.439,0.003
7162.62799,14.433,0.003
7162.64259,14.435,0.003
7162.65717,14.434,0.003
7162.67260,14.437,0.003
7162.68724,14.436,0.003
7162.70171,14.434,0.003
7162.71609,14.433,0.003
7162.73073,14.438,0.003
7162.75479,14.433,0.003
7162.78170,14.434,0.003
7162.79760,14.434,0.003
7162.81227,14.438,0.003
7162.82719,14.436,0.003
7162.84162,14.439,0.003
7162.85595,14.434,0.003
7162.87038,14.438,0.003
7162.88856,14.439,0.003
7162.90313,14.441,0.003
7162.91768,14.437,0.003
7162.93209,14.434,0.003
7163.60732,14.438,0.003
7163.62223,14.435,0.003
7163.63709,14.440,0.003
7163.65243,14.435,0.003
7163.66701,14.439,0.003
7163.68174,14.442,0.003
7163.69664,14.439,0.003
7163.71121,14.435,0.003
7163.72605,14.437,0.003
7163.74080,14.434,0.003
7163.76558,14.438,0.003
7163.79073,14.433,0.003
7163.80552,14.437,0.003
7163.82032,14.438,0.003
7163.83524,14.436,0.003
7163.85018,14.435,0.003
7163.86471,14.437,0.003
7163.87924,14.431,0.003
7163.89380,14.436,0.003
7163.90841,14.441,0.003
7163.92297,14.437,0.003
7163.93749,14.441,0.003
7164.60258,14.442,0.003
7164.67608,14.433,0.003
7164.70893,14.436,0.003
7164.72348,14.435,0.003
7164.73875,14.438,0.003
7164.75440,14.435,0.003
7164.77073,14.431,0.003
7164.78609,14.425,0.003
7164.81030,14.434,0.003
7164.83434,14.435,0.003
7164.84885,14.436,0.003
7164.86344,14.441,0.003
7164.87781,14.435,0.003
7164.89216,14.439,0.003
7164.90669,14.434,0.003
7164.92131,14.438,0.003
7164.93577,14.438,0.003
7165.60178,14.443,0.003
7165.82713,14.431,0.003
7166.59454,14.444,0.003
7166.61291,14.436,0.003
7166.62733,14.434,0.003
7166.64188,14.441,0.003
7166.65622,14.447,0.003
7166.67062,14.435,0.003
7166.68507,14.439,0.003
7166.69992,14.440,0.003
7166.72397,14.438,0.003
7166.74870,14.436,0.003
7166.76428,14.435,0.003
7166.78065,14.439,0.003
7166.79683,14.438,0.003
7166.81163,14.433,0.003
7166.82642,14.435,0.003
7166.84112,14.439,0.003
7166.85595,14.439,0.003
7166.87059,14.442,0.003
7166.88530,14.433,0.003
7166.89988,14.436,0.003
7166.91467,14.437,0.003
7166.92953,14.441,0.003
7166.94423,14.440,0.003
7168.69754,14.436,0.003
7168.72205,14.437,0.003
7168.73642,14.431,0.003
7168.80430,14.441,0.003
7169.58075,14.440,0.003
7169.59654,14.440,0.003
7169.61103,14.441,0.003
7169.62588,14.442,0.003
7169.64057,14.443,0.003
7169.65539,14.438,0.003
7169.67030,14.437,0.003
7169.68502,14.432,0.003
7169.70009,14.439,0.003
7169.71486,14.435,0.003
7169.73923,14.434,0.003
7169.76555,14.442,0.003
7169.78146,14.438,0.003
7169.79620,14.439,0.003
7169.81070,14.440,0.003
7169.83579,14.436,0.003
7169.85082,14.436,0.003
7169.86529,14.436,0.003
7169.87986,14.443,0.003
7169.89428,14.441,0.003
7169.90859,14.440,0.003
7169.92355,14.445,0.003
7169.93664,14.441,0.003
7170.58714,14.440,0.003
7170.60158,14.441,0.003
7170.61624,14.441,0.003
7170.63106,14.436,0.003
7170.64580,14.437,0.003
7170.66032,14.433,0.003
7170.67510,14.436,0.003
7170.68996,14.436,0.003
7170.70468,14.437,0.003
7170.71946,14.437,0.003
7170.74379,14.440,0.003
7170.77454,14.438,0.003
7170.78898,14.438,0.003
7170.80365,14.433,0.003
7170.82141,14.436,0.003
7170.83590,14.437,0.003
7170.85038,14.441,0.003
7170.86459,14.435,0.003
7170.87897,14.438,0.003
7170.89329,14.432,0.003
7170.90790,14.441,0.003
7171.84018,14.439,0.003
7171.93467,14.438,0.003
7172.57488,14.434,0.003
7172.58932,14.444,0.003
7172.60390,14.444,0.003
7172.61823,14.436,0.003
7172.63327,14.435,0.003
7172.64817,14.436,0.003
7172.66277,14.439,0.003
7172.67734,14.440,0.003
7172.69220,14.438,0.003
7172.70713,14.441,0.003
7172.73129,14.439,0.003
7172.75838,14.434,0.003
7172.77310,14.437,0.003
7172.78792,14.431,0.003
7172.80254,14.436,0.003
7172.81693,14.435,0.003
7172.83472,14.436,0.003
7172.85370,14.438,0.003
7172.86819,14.439,0.003
7172.88285,14.440,0.003
7172.89723,14.433,0.003
7172.91206,14.433,0.003
7172.92626,14.441,0.003
7172.93984,14.437,0.003
7173.57080,14.435,0.003
7173.58559,14.441,0.003
7173.60007,14.439,0.003
7173.62336,14.441,0.003
7173.63910,14.439,0.003
7173.65417,14.433,0.003
7173.66907,14.439,0.003
7173.68381,14.436,0.003
7173.70810,14.437,0.003
7173.72375,14.437,0.003
7173.74850,14.437,0.003
7173.77381,14.438,0.003
7173.78851,14.433,0.003
7173.80323,14.432,0.003
7173.82096,14.434,0.003
7173.83534,14.441,0.003
7173.84990,14.439,0.003
7173.86452,14.439,0.003
7173.87920,14.439,0.003
7173.89358,14.440,0.003
7173.90886,14.443,0.003
7173.92336,14.441,0.003
7173.93600,14.433,0.003
7174.56490,14.455,0.003
7174.57721,14.467,0.003
7174.58971,14.445,0.003
7174.60439,14.458,0.003
7174.61881,14.453,0.003
7174.63339,14.440,0.003
7174.64795,14.439,0.003
7174.66309,14.440,0.003
7174.67768,14.438,0.003
7174.69229,14.436,0.003
7174.70688,14.436,0.003
7174.72146,14.436,0.003
7174.73786,14.437,0.003
7174.76045,14.434,0.003
7174.77625,14.440,0.003
7174.79101,14.435,0.003
7174.80563,14.443,0.003
7174.82036,14.435,0.003
7174.83492,14.433,0.003
7174.84917,14.438,0.003
7174.86658,14.435,0.003
7174.88132,14.432,0.003
7174.89600,14.436,0.003
7174.91056,14.436,0.003
7174.92497,14.436,0.003
7174.93960,14.436,0.003
7175.57491,14.440,0.003
7175.58763,14.434,0.003
7175.60057,14.441,0.003
7175.61514,14.437,0.003
7175.62943,14.441,0.003
7175.64410,14.436,0.003
7175.66225,14.433,0.003
7175.67688,14.438,0.003
7175.69158,14.434,0.003
7175.70625,14.436,0.003
7175.72781,14.433,0.003
7175.75061,14.437,0.003
7175.76567,14.438,0.003
7175.82947,14.439,0.003
7175.84436,14.442,0.003
7175.85874,14.434,0.003
7175.87225,14.434,0.003
7175.88595,14.436,0.003
7175.89880,14.436,0.003
7175.91191,14.439,0.003
7175.92559,14.443,0.003
7175.94216,14.432,0.003
7176.71305,14.436,0.003
7176.83194,14.446,0.003
7176.93594,14.433,0.003
7177.79313,14.433,0.003
7178.69209,14.434,0.003
7178.81026,14.434,0.003
7178.94395,14.435,0.003
7179.55898,14.430,0.003
7179.57335,14.441,0.003
7179.58766,14.449,0.003
7179.60298,14.454,0.003
7179.61743,14.456,0.003
7179.63178,14.455,0.003
7179.64605,14.453,0.003
7179.66075,14.453,0.003
7179.67513,14.450,0.003
7179.68980,14.447,0.003
7179.70444,14.432,0.003
7179.71944,14.431,0.003
7179.73681,14.434,0.003
7179.75247,14.432,0.003
7179.76741,14.437,0.003
7179.78196,14.440,0.003
7179.79653,14.430,0.003
7179.81606,14.431,0.003
7179.83066,14.430,0.003
7179.84544,14.433,0.003
7179.86002,14.435,0.003
7179.87458,14.436,0.003
7179.89050,14.440,0.003
7179.90480,14.439,0.003
7179.91906,14.438,0.003
7179.93351,14.435,0.003
7180.55529,14.450,0.003
7180.56979,14.436,0.003
7180.58425,14.434,0.003
7180.59851,14.434,0.003
7180.61270,14.432,0.003
7180.62706,14.430,0.003
7180.64155,14.436,0.003
7180.65566,14.435,0.003
7180.67040,14.433,0.003
7180.68507,14.435,0.003
7180.69972,14.433,0.003
7180.71447,14.433,0.003
7180.73043,14.434,0.003
7180.74712,14.436,0.003
7180.76966,14.433,0.003
7180.78394,14.439,0.003
7180.79844,14.439,0.003
7180.81667,14.439,0.003
7180.83112,14.432,0.003
7180.84538,14.440,0.003
7180.85972,14.438,0.003
7180.87456,14.434,0.003
7180.89053,14.436,0.003
7180.90495,14.433,0.003
7180.91931,14.437,0.003
7180.93347,14.441,0.003
7181.55067,14.445,0.003
7181.56493,14.443,0.003
7181.57942,14.447,0.003
7181.59369,14.439,0.003
7181.60815,14.435,0.003
7181.62258,14.436,0.003
7181.63709,14.435,0.003
7181.66740,14.441,0.003
7181.69128,14.435,0.003
7181.70605,14.442,0.003
7181.72199,14.435,0.003
7181.73797,14.439,0.003
7181.75472,14.435,0.003
7181.76953,14.436,0.003
7181.78399,14.437,0.003
7181.79850,14.436,0.003
7181.81402,14.437,0.003
7181.82858,14.435,0.003
7181.84391,14.435,0.003
7181.86147,14.441,0.003
7181.87612,14.439,0.003
7181.89147,14.434,0.003
7181.90600,14.438,0.003
7181.92040,14.436,0.003
7181.93383,14.442,0.003
7182.55362,14.439,0.003
7182.56791,14.441,0.003
7182.58254,14.445,0.003
7182.59686,14.437,0.003
7182.61123,14.436,0.003
7182.62567,14.440,0.003
7182.64006,14.438,0.003
7182.65476,14.438,0.003
7182.67866,14.439,0.003
7182.70287,14.436,0.003
7182.71841,14.435,0.003
7182.74453,14.434,0.003
7182.75963,14.434,0.003
7182.77450,14.435,0.003
7182.78911,14.437,0.003
7182.80333,14.432,0.003
7182.81797,14.439,0.003
7182.83265,14.437,0.003
7182.85053,14.436,0.003
7182.86494,14.439,0.003
7182.88061,14.436,0.003
7182.89531,14.441,0.003
7182.90993,14.440,0.003
7182.92449,14.436,0.003
7182.93899,14.439,0.003
7183.54474,14.442,0.003
7183.56432,14.442,0.003
7183.57908,14.437,0.003
7183.59366,14.443,0.003
7183.60838,14.434,0.003
7183.62288,14.436,0.003
7183.63736,14.435,0.003
7183.65218,14.438,0.003
7183.66667,14.442,0.003
7183.69052,14.435,0.003
7183.70636,14.438,0.003
7183.73347,14.437,0.003
7183.74897,14.440,0.003
7183.76358,14.439,0.003
7183.77794,14.439,0.003
7183.79225,14.441,0.003
7183.80698,14.439,0.003
7183.82138,14.441,0.003
7183.83984,14.434,0.003
7183.85416,14.442,0.003
7183.86894,14.439,0.003
7183.88465,14.436,0.003
7183.90046,14.445,0.003
7183.91484,14.442,0.003
7183.92879,14.439,0.003
7184.56943,14.432,0.003
7184.58630,14.437,0.003
7184.60075,14.441,0.003
7184.61512,14.444,0.003
7184.62939,14.445,0.003
7184.64390,14.437,0.003
7184.65828,14.458,0.003
7184.67298,14.451,0.003
7184.68776,14.455,0.003
7184.71223,14.459,0.003
7184.74031,14.455,0.003
7184.75473,14.458,0.003
7184.76952,14.453,0.003
7184.78410,14.446,0.003
7184.79856,14.444,0.003
7184.81300,14.441,0.003
7184.83109,14.437,0.003
7184.84546,14.439,0.003
7184.85983,14.440,0.003
7184.87426,14.441,0.003
7184.88985,14.440,0.003
7184.90433,14.446,0.003
7184.91864,14.436,0.003
7184.93294,14.446,0.003
7185.54774,14.436,0.003
7185.56534,14.441,0.003
7185.57961,14.437,0.003
7185.59401,14.435,0.003
7185.60815,14.440,0.003
7185.62251,14.443,0.003
7185.64599,14.442,0.003
7185.66056,14.440,0.003
7185.67532,14.443,0.003
7185.69997,14.441,0.003
7185.71671,14.437,0.003
7185.73211,14.440,0.003
7185.74737,14.438,0.003
7185.76230,14.439,0.003
7185.77676,14.442,0.003
7185.79106,14.436,0.003
7185.80527,14.439,0.003
7185.81969,14.425,0.003
7185.83424,14.446,0.003
7185.84857,14.438,0.003
7185.86513,14.439,0.003
7185.88466,14.438,0.003
7185.90750,14.442,0.003
7186.58402,14.439,0.003
7186.59848,14.440,0.003
7186.61323,14.445,0.003
7186.62770,14.438,0.003
7186.64215,14.434,0.003
7186.65671,14.444,0.003
7186.69578,14.434,0.003
7186.78921,14.441,0.003
7186.81177,14.438,0.003
7186.82630,14.436,0.003
7186.84093,14.441,0.003
7186.85549,14.442,0.003
7186.86979,14.435,0.003
7186.88433,14.441,0.003
7186.89850,14.436,0.003
7186.91287,14.434,0.003
7187.54867,14.437,0.003
7187.56351,14.442,0.003
7187.57789,14.438,0.003
7187.59224,14.440,0.003
7187.60746,14.438,0.003
7187.62191,14.441,0.003
7187.63624,14.439,0.003
7187.66012,14.441,0.003
7187.68457,14.434,0.003
7187.70051,14.436,0.003
7187.71652,14.436,0.003
7187.73157,14.438,0.003
7187.74690,14.438,0.003
7187.76173,14.440,0.003
7187.77623,14.439,0.003
7187.79064,14.439,0.003
7187.80505,14.439,0.003
7187.82531,14.434,0.003
7187.83979,14.442,0.003
7187.85416,14.445,0.003
7187.86838,14.438,0.003
7187.88287,14.435,0.003
7187.89720,14.441,0.003
7187.91179,14.440,0.003
7187.92304,14.445,0.003
7188.55718,14.444,0.003
7188.57718,14.439,0.003
7188.59171,14.436,0.003
7188.60637,14.439,0.003
7188.62057,14.438,0.003
7188.63491,14.439,0.003
7188.64920,14.436,0.003
7188.66359,14.444,0.003
7188.67851,14.443,0.003
7188.70350,14.438,0.003
7188.73457,14.440,0.003
7188.74966,14.442,0.003
7188.76442,14.436,0.003
7188.77911,14.441,0.003
7188.79419,14.436,0.003
7188.81033,14.439,0.003
7188.82511,14.436,0.003
7188.84867,14.442,0.003
7189.53339,14.434,0.003
7189.54793,14.439,0.003
7189.56289,14.444,0.003
7189.57890,14.445,0.003
7189.59337,14.440,0.003
7189.61019,14.440,0.003
7189.63431,14.439,0.003
7189.65789,14.444,0.003
7189.67278,14.436,0.003
7189.68770,14.440,0.003
7189.70516,14.438,0.003
7189.72129,14.445,0.003
7189.73629,14.453,0.003
7189.75126,14.459,0.003
7189.76609,14.462,0.003
7189.78071,14.459,0.003
7189.80050,14.453,0.003
7189.81506,14.462,0.003
7189.82939,14.456,0.003
7189.84394,14.451,0.003
7189.85871,14.440,0.003
7189.87323,14.440,0.003
7189.88755,14.443,0.003
7189.90412,14.443,0.003
7189.91574,14.437,0.003
7190.52572,14.434,0.003
7190.56554,14.435,0.003
7190.58156,14.438,0.003
7190.60466,14.440,0.003
7190.62013,14.438,0.003
7190.63608,14.433,0.003
7190.65049,14.440,0.003
7190.67432,14.438,0.003
7190.69508,14.436,0.003
7190.72012,14.435,0.003
7190.73640,14.435,0.003
7190.75170,14.436,0.003
7190.76656,14.432,0.003
7190.78168,14.432,0.003
7190.80302,14.437,0.003
7190.81782,14.434,0.003
7190.83281,14.442,0.003
7190.84761,14.437,0.003
7190.86247,14.435,0.003
7190.87736,14.435,0.003
7190.89353,14.443,0.003
7190.90761,14.432,0.003
7191.58994,14.435,0.003
7191.60459,14.440,0.003
7191.62001,14.437,0.003
7191.63428,14.437,0.003
7191.64899,14.439,0.003
7191.66393,14.437,0.003
7191.67986,14.438,0.003
7191.78882,14.437,0.003
7191.80325,14.429,0.003
7191.82003,14.435,0.003
7191.83437,14.440,0.003
7191.84943,14.443,0.003
7191.86752,14.445,0.003
7192.82265,14.439,0.003
7192.84233,14.436,0.003
7192.85228,14.436,0.003
7192.86477,14.439,0.003
7192.89013,14.438,0.003
7193.55369,14.438,0.003
7193.57844,14.437,0.003
7193.59070,14.436,0.003
7193.60071,14.437,0.003
7193.61274,14.436,0.003
7193.62741,14.437,0.003
7193.63767,14.436,0.003
7193.68095,14.439,0.003
7193.69875,14.438,0.003
7193.71547,14.437,0.003
7193.73029,14.439,0.003
7193.74589,14.439,0.003
7193.76362,14.436,0.003
7193.78130,14.434,0.003
7193.79927,14.438,0.003
7193.81542,14.447,0.003
7193.83361,14.441,0.003
7193.84915,14.440,0.003
7193.86421,14.439,0.003
7193.87435,14.435,0.003
7193.88414,14.435,0.003
7193.89442,14.438,0.003
7194.51780,14.427,0.003
7194.53353,14.445,0.003
7194.55347,14.439,0.003
7194.56766,14.439,0.003
7194.58186,14.439,0.003
7194.59617,14.434,0.003
7194.61069,14.439,0.003
7194.62641,14.440,0.003
7194.65112,14.434,0.003
7194.66682,14.437,0.003
7194.69550,14.439,0.003
7194.71152,14.439,0.003
7194.72861,14.433,0.003
7194.74326,14.436,0.003
7194.75805,14.434,0.003
7194.77260,14.434,0.003
7194.78715,14.442,0.003
7194.80418,14.452,0.003
7195.52826,14.438,0.003
7195.54201,14.438,0.003
7195.55545,14.433,0.003
7195.57167,14.434,0.003
7195.58969,14.435,0.003
7195.60553,14.434,0.003
7196.84646,14.436,0.003
7196.86206,14.435,0.003
7196.87711,14.441,0.003
7196.88870,14.445,0.003
7197.52472,14.445,0.003
7197.53905,14.437,0.003
7197.55326,14.438,0.003
7197.56749,14.442,0.003
7197.58175,14.439,0.003
7197.59943,14.436,0.003
7197.61417,14.437,0.003
7197.62951,14.431,0.003
7197.64415,14.436,0.003
7197.65904,14.437,0.003
7197.68389,14.441,0.003
7197.69941,14.437,0.003
7197.71491,14.438,0.003
7197.73876,14.440,0.003
7197.75358,14.436,0.003
7197.76838,14.435,0.003
7197.78341,14.441,0.003
7197.79814,14.441,0.003
7197.81279,14.438,0.003
7197.83096,14.440,0.003
7197.84570,14.438,0.003
7197.85826,14.438,0.003
7197.87602,14.435,0.003
7198.52143,14.436,0.003
7198.53574,14.438,0.003
7198.55002,14.442,0.003
7198.56434,14.436,0.003
7198.57853,14.435,0.003
7198.59284,14.442,0.003
7198.60717,14.436,0.003
7198.62383,14.438,0.003
7198.63869,14.438,0.003
7198.66259,14.437,0.003
7198.67804,14.439,0.003
7198.70653,14.431,0.003
7198.72122,14.437,0.003
7198.73577,14.434,0.003
7198.75041,14.443,0.003
7198.76475,14.440,0.003
7198.77903,14.438,0.003
7198.79336,14.437,0.003
7198.80965,14.444,0.003
7198.82481,14.447,0.003
7198.84068,14.437,0.003
7198.84804,14.436,0.003
7198.86290,14.443,0.003
7198.87830,14.436,0.003
7198.89136,14.437,0.003
7199.51214,14.429,0.003
7199.52653,14.437,0.003
7199.54094,14.439,0.003
7199.55535,14.437,0.003
7199.56964,14.439,0.003
7199.58405,14.439,0.003
7199.59865,14.438,0.003
7199.61306,14.438,0.003
7199.62777,14.437,0.003
7199.64255,14.436,0.003
7199.65757,14.439,0.003
7199.68452,14.439,0.003
7199.69938,14.438,0.003
7199.72318,14.433,0.003
7199.73765,14.438,0.003
7199.75234,14.441,0.003
7199.76677,14.439,0.003
7199.78129,14.435,0.003
7199.79567,14.434,0.003
7199.80982,14.435,0.003
7199.82543,14.440,0.003
7199.84045,14.437,0.003
7199.85535,14.435,0.003
7199.87038,14.438,0.003
7199.88571,14.456,0.003
7200.49313,14.438,0.003
7200.50782,14.434,0.003
7200.52221,14.436,0.003
7200.53917,14.440,0.003
7200.55264,14.443,0.003
7200.56873,14.437,0.003
7200.58039,14.444,0.003
7200.59463,14.443,0.003
7200.60989,14.437,0.003
7200.62432,14.439,0.003
7200.63899,14.437,0.003
7200.65409,14.439,0.003
7200.66994,14.442,0.003
7200.68605,14.438,0.003
7200.70195,14.439,0.003
7200.71680,14.439,0.003
7200.73134,14.440,0.003
7200.74796,14.441,0.003
7200.76439,14.444,0.003
7200.77892,14.436,0.003
7200.79487,14.433,0.003
7200.80914,14.443,0.003
7200.82488,14.434,0.003
7200.84030,14.440,0.003
7200.85534,14.436,0.003
7200.87742,14.435,0.003
7201.50649,14.442,0.003
7202.58174,14.437,0.003
7202.59832,14.434,0.003
7202.61727,14.438,0.003
7202.63375,14.438,0.003
7202.63992,14.435,0.003
7202.68925,14.434,0.003
7202.70639,14.431,0.003
7202.72223,14.434,0.003
7202.73995,14.431,0.003
7202.75684,14.433,0.003
7202.77117,14.435,0.003
7202.78596,14.431,0.003
7202.80010,14.433,0.003
7202.81449,14.435,0.003
7202.83309,14.435,0.003
7202.84744,14.433,0.003
7202.86177,14.432,0.003
7202.87597,14.435,0.003
7202.89032,14.435,0.003
7206.52645,14.433,0.003
7206.54107,14.433,0.003
7206.55668,14.438,0.003
7206.57201,14.431,0.003
7206.58658,14.431,0.003
7206.60116,14.438,0.003
7206.61592,14.439,0.003
7206.63154,14.435,0.003
7206.64758,14.441,0.003
7206.67350,14.433,0.003
7206.69027,14.431,0.003
7206.70271,14.434,0.003
7206.71721,14.441,0.003
7206.73151,14.434,0.003
7206.74571,14.438,0.003
7206.76030,14.436,0.003
7206.77478,14.432,0.003
7206.79081,14.432,0.003
7206.80499,14.432,0.003
7206.81909,14.436,0.003
7206.83363,14.437,0.003
7206.84821,14.436,0.003
7207.49279,14.433,0.003
7207.50711,14.439,0.003
7207.52435,14.433,0.003
7207.54030,14.435,0.003
7207.55482,14.435,0.003
7207.56915,14.434,0.003
7207.58372,14.434,0.003
7207.59812,14.438,0.003
7207.61252,14.432,0.003
7207.62721,14.438,0.003
7207.64233,14.436,0.003
7207.65810,14.436,0.003
7207.67410,14.435,0.003
7207.68960,14.435,0.003
7207.70457,14.436,0.003
7207.71942,14.434,0.003
7207.73396,14.434,0.003
7207.74843,14.433,0.003
7207.76293,14.440,0.003
7207.77727,14.440,0.003
7207.79591,14.434,0.003
7207.81635,14.438,0.003
7207.83149,14.440,0.003
7207.84614,14.434,0.003
7207.86174,14.435,0.003
7208.48762,14.438,0.003
7208.50016,14.429,0.003
7208.51228,14.439,0.003
7208.52839,14.434,0.003
7208.60933,14.436,0.003
7209.61801,14.439,0.003
7209.64132,14.437,0.003
7209.65031,14.434,0.003
7209.66534,14.436,0.003
7209.67947,14.437,0.003
7209.69441,14.437,0.003
7209.70902,14.431,0.003
7209.72368,14.431,0.003
7209.73804,14.436,0.003
7209.75249,14.438,0.003
7209.76676,14.434,0.003
7209.78191,14.436,0.003
7209.79632,14.436,0.003
7209.81060,14.433,0.003
7209.82383,14.436,0.003
7209.83893,14.434,0.003
7210.83541,14.443,0.003
7210.85043,14.446,0.003
7210.86365,14.448,0.003
7211.47336,14.436,0.003
7211.48754,14.434,0.003
7211.50180,14.437,0.003
7211.51618,14.444,0.003
7211.53037,14.443,0.003
7211.54463,14.432,0.003
7211.55904,14.440,0.003
7211.57328,14.436,0.003
7211.58749,14.435,0.003
7211.60176,14.437,0.003
7211.61671,14.435,0.003
7211.64341,14.439,0.003
7211.65971,14.437,0.003
7211.67432,14.432,0.003
7211.69848,14.431,0.003
7211.71318,14.438,0.003
7211.72766,14.435,0.003
7211.74201,14.436,0.003
7211.75639,14.437,0.003
7211.77126,14.446,0.003
7211.78574,14.440,0.003
7211.80016,14.435,0.003
7211.81497,14.441,0.003
7211.82934,14.436,0.003
7211.84372,14.439,0.003
7211.85478,14.447,0.003
7212.50592,14.447,0.003
7212.57089,14.446,0.003
7212.59805,14.434,0.003
7212.80097,14.439,0.003
7214.48777,14.443,0.003
7214.50962,14.439,0.003
7214.52391,14.442,0.003
7214.53876,14.444,0.003
7214.56035,14.440,0.003
7214.57644,14.441,0.003
7214.59279,14.440,0.003
7214.60804,14.432,0.003
7214.62531,14.435,0.003
7214.64339,14.437,0.003
7214.66139,14.440,0.003
7214.67981,14.437,0.003
7214.69805,14.439,0.003
7214.72463,14.433,0.003
7214.73907,14.436,0.003
7214.75284,14.442,0.003
7214.77577,14.441,0.003
7214.81595,14.436,0.003
7217.52881,14.435,0.003
7217.54480,14.435,0.003
7217.56196,14.438,0.003
7217.57695,14.437,0.003
7217.59171,14.432,0.003
7217.61554,14.439,0.003
7217.63086,14.432,0.003
7217.64680,14.434,0.003
7217.71910,14.439,0.003
7217.75699,14.439,0.003
7217.77149,14.436,0.003
7217.78598,14.440,0.003
7217.80029,14.440,0.003
7217.81485,14.440,0.003
7217.84072,14.444,0.003
7219.49305,14.442,0.003
7219.50751,14.437,0.003
7219.53217,14.432,0.003
7219.55352,14.438,0.003
7219.55583,14.436,0.003
7219.57442,14.438,0.003
7219.58987,14.436,0.003
7219.60549,14.437,0.003
7219.63113,14.435,0.003
7219.65662,14.437,0.003
7219.67140,14.436,0.003
7219.68616,14.438,0.003
7219.70079,14.438,0.003
7219.71546,14.438,0.003
7219.73018,14.433,0.003
7220.46891,14.437,0.003
7220.48212,14.445,0.003
7220.49673,14.437,0.003
7220.51088,14.439,0.003
7220.52506,14.431,0.003
7220.53918,14.438,0.003
7220.55360,14.434,0.003
7220.56799,14.435,0.003
7220.58311,14.432,0.003
7220.60722,14.432,0.003
7220.62326,14.434,0.003
7220.65031,14.439,0.003
7220.66489,14.442,0.003
7220.67925,14.439,0.003
7220.69455,14.440,0.003
7220.70887,14.432,0.003
7220.72328,14.435,0.003
7220.73778,14.440,0.003
7220.75311,14.433,0.003
7220.76730,14.438,0.003
7220.78712,14.439,0.003
7220.80156,14.441,0.003
7220.81596,14.435,0.003
7220.82878,14.437,0.003
7221.46833,14.435,0.003
7221.48315,14.436,0.003
7221.49770,14.441,0.003
7221.51246,14.445,0.003
7221.52721,14.445,0.003
7221.54162,14.442,0.003
7221.55595,14.440,0.003
7221.57036,14.439,0.003
7221.58487,14.434,0.003
7221.60913,14.437,0.003
7221.62510,14.436,0.003
7221.65109,14.436,0.003
7221.66551,14.430,0.003
7221.68004,14.434,0.003
7221.69453,14.435,0.003
7221.70887,14.435,0.003
7221.72368,14.433,0.003
7221.73825,14.431,0.003
7221.75287,14.434,0.003
7221.76722,14.436,0.003
7221.78186,14.444,0.003
7221.79641,14.437,0.003
7221.81088,14.439,0.003
7221.82096,14.440,0.003
7221.83023,14.444,0.003
7222.47139,14.449,0.003
7222.48538,14.446,0.003
7222.50652,14.435,0.003
7222.52448,14.431,0.003
7222.53817,14.436,0.003
7222.55433,14.438,0.003
7222.57335,14.437,0.003
7222.58835,14.439,0.003
7222.60335,14.432,0.003
7222.62476,14.432,0.003
7222.64261,14.430,0.003
7222.65866,14.432,0.003
7222.68121,14.438,0.003
7222.70414,14.426,0.003
7222.71818,14.438,0.003
7222.73322,14.434,0.003
7222.75097,14.437,0.003
7222.77057,14.432,0.003
7222.78917,14.439,0.003
7222.80459,14.432,0.003
7222.81854,14.437,0.003
7222.82567,14.441,0.003
7223.49855,14.439,0.003
7223.51385,14.432,0.003
7223.52888,14.446,0.003
7223.54433,14.439,0.003
7223.55869,14.441,0.003
7223.57294,14.440,0.003
7223.58787,14.440,0.003
7223.61280,14.438,0.003
7223.62795,14.435,0.003
7223.65266,14.435,0.003
7223.66754,14.435,0.003
7223.68188,14.436,0.003
7223.69631,14.438,0.003
7223.71059,14.435,0.003
7223.72487,14.434,0.003
7223.73937,14.441,0.003
7223.75374,14.441,0.003
7223.77490,14.441,0.003
7224.46303,14.432,0.003
7224.47787,14.442,0.003
7224.49237,14.436,0.003
7224.50713,14.433,0.003
7224.52187,14.440,0.003
7224.53637,14.441,0.003
7224.55386,14.429,0.003
7224.56833,14.431,0.003
7224.58309,14.437,0.003
7224.61763,14.442,0.003
7224.62517,14.435,0.003
7224.63473,14.441,0.003
7224.65688,14.437,0.003
7224.67430,14.435,0.003
7224.69759,14.438,0.003
7224.71206,14.435,0.003
7224.72733,14.438,0.003
7224.74157,14.437,0.003
7224.75586,14.437,0.003
7224.77019,14.431,0.003
7224.78720,14.437,0.003
7224.81861,14.446,0.003
7225.46429,14.437,0.003
7225.47997,14.434,0.003
7225.49593,14.437,0.003
7225.50974,14.439,0.003
7225.52421,14.435,0.003
7225.53875,14.437,0.003
7225.55326,14.437,0.003
7225.56762,14.438,0.003
7225.58228,14.436,0.003
7225.60696,14.434,0.003
7225.63245,14.437,0.003
7226.46840,14.440,0.003
7226.48288,14.438,0.003
7226.49754,14.435,0.003
7226.51238,14.436,0.003
7226.52688,14.437,0.003
7226.54148,14.437,0.003
7226.55618,14.440,0.003
7226.57410,14.435,0.003
7226.59852,14.436,0.003
7226.61436,14.432,0.003
7226.62946,14.438,0.003
7226.64418,14.435,0.003
7226.66809,14.438,0.003
7226.68279,14.434,0.003
7226.69723,14.435,0.003
7226.71178,14.438,0.003
7226.72611,14.436,0.003
7226.74038,14.438,0.003
7226.75469,14.438,0.003
7226.76889,14.442,0.003
7226.78305,14.439,0.003
7226.79870,14.438,0.003
7226.81121,14.445,0.003
7226.81608,14.441,0.003
7227.46654,14.432,0.003
7227.48095,14.440,0.003
7227.49535,14.437,0.003
7227.50971,14.432,0.003
7227.52421,14.435,0.003
7227.53866,14.438,0.003
7227.55316,14.434,0.003
7227.56761,14.436,0.003
7227.59160,14.436,0.003
7227.60652,14.435,0.003
7227.62310,14.432,0.003
7227.63801,14.428,0.003
7227.65587,14.437,0.003
7227.67935,14.433,0.003
7227.69370,14.432,0.003
7227.70790,14.439,0.003
7227.72227,14.436,0.003
7227.73649,14.437,0.003
7227.75096,14.436,0.003
7227.76646,14.439,0.003
7227.78070,14.438,0.003
7227.79381,14.441,0.003
7228.46550,14.428,0.003
7228.48246,14.435,0.003
7228.49746,14.440,0.003
7228.51238,14.438,0.003
7228.52692,14.435,0.003
7228.54141,14.437,0.003
7228.55579,14.440,0.003
7228.57066,14.434,0.003
7228.59489,14.437,0.003
7228.61022,14.435,0.003
7228.63730,14.435,0.003
7228.65225,14.434,0.003
7228.66649,14.431,0.003
7228.68641,14.433,0.003
7228.70625,14.435,0.003
7228.71914,14.434,0.003
7228.73349,14.443,0.003
7228.75123,14.432,0.003
7228.76395,14.437,0.003
7228.78947,14.441,0.003
7229.46778,14.434,0.003
7229.48205,14.430,0.003
7229.49639,14.439,0.003
7229.51074,14.432,0.003
7229.52507,14.442,0.003
7229.53958,14.435,0.003
7229.55410,14.433,0.003
7229.56846,14.439,0.003
7229.58299,14.439,0.003
7229.59754,14.437,0.003
7229.61311,14.435,0.003
7229.62831,14.434,0.003
7229.64653,14.436,0.003
7229.66108,14.439,0.003
7229.67538,14.438,0.003
7229.68988,14.438,0.003
7229.70427,14.434,0.003
7229.71880,14.435,0.003
7229.73338,14.436,0.003
7229.74767,14.348,0.003
7229.76193,14.438,0.003
7229.77621,14.438,0.003
7229.79048,14.437,0.003
7229.80248,14.439,0.003
7230.48424,14.430,0.003
7230.52599,14.434,0.003
7230.61878,14.435,0.003
7233.66176,14.437,0.003
7233.70998,14.432,0.003
7234.62197,14.446,0.003
7235.47324,14.460,0.003
7235.49333,14.464,0.003
7235.51172,14.454,0.003
7235.53555,14.439,0.003
7235.62912,14.438,0.003
7235.64365,14.443,0.003
7235.66320,14.441,0.003
7235.67827,14.440,0.003
7235.69287,14.444,0.003
7235.71247,14.440,0.003
7235.72674,14.441,0.003
7235.74223,14.437,0.003
7235.75536,14.439,0.003
7235.77806,14.447,0.003
7236.47174,14.433,0.003
7236.48798,14.436,0.003
7236.50527,14.433,0.003
7236.51970,14.438,0.003
7236.53783,14.439,0.003
7236.55261,14.435,0.003
7236.56749,14.436,0.003
7236.58552,14.440,0.003
7236.60436,14.442,0.003
7236.62142,14.430,0.003
7236.63636,14.437,0.003
7248.47402,14.439,0.003
7248.49134,14.434,0.003
7248.50362,14.442,0.003
7249.46894,14.439,0.003
7249.48685,14.437,0.003
7249.50219,14.437,0.003
7249.52525,14.437,0.003
7249.55012,14.444,0.003
7249.56645,14.436,0.003
7249.57983,14.440,0.003
7249.59272,14.438,0.003
7249.60578,14.436,0.003
7249.61841,14.434,0.003
7249.63119,14.438,0.003
7249.64379,14.436,0.003
7249.65653,14.435,0.003
7249.67041,14.438,0.003
7249.68291,14.434,0.003
7249.69552,14.440,0.003
7249.70862,14.435,0.003
7249.72169,14.447,0.003
7250.54979,14.436,0.003
7250.56653,14.426,0.003
7250.58336,14.434,0.003
7250.59808,14.441,0.003
7250.61074,14.435,0.003
7250.63222,14.449,0.003
7250.64709,14.448,0.003
7250.67320,14.455,0.003
7252.49724,14.429,0.003
7252.51296,14.434,0.003
7252.52866,14.440,0.003
7252.55754,14.430,0.003
7252.57800,14.434,0.003
7252.59673,14.439,0.003
7252.62475,14.441,0.003
7252.64482,14.441,0.003
7252.66578,14.441,0.003
7252.68090,14.434,0.003
7252.69546,14.435,0.003
7252.71036,14.440,0.003
7253.46953,14.434,0.003
7253.48434,14.430,0.003
7253.49887,14.436,0.003
7253.52357,14.436,0.003
7253.54980,14.433,0.003
7253.56701,14.438,0.003
7253.58206,14.438,0.003
7253.59802,14.433,0.003
7253.61281,14.435,0.003
7253.62753,14.436,0.003
7253.64669,14.439,0.003
7253.66164,14.441,0.003
7253.67648,14.436,0.003
7255.47095,14.435,0.003
7255.48575,14.434,0.003
7255.50059,14.439,0.003
7255.52496,14.439,0.003
7255.55038,14.438,0.003
7255.56549,14.437,0.003
7255.58533,14.437,0.003
7255.60047,14.439,0.003
7255.61501,14.433,0.003
7255.62963,14.434,0.003
7255.64411,14.440,0.003
7255.66191,14.439,0.003
7256.48943,14.435,0.003
7256.50478,14.437,0.003
7256.52015,14.441,0.003
7256.54819,14.438,0.003
7256.57360,14.440,0.003
7256.58858,14.440,0.003
7256.60325,14.435,0.003
7256.61771,14.441,0.003
7256.63229,14.434,0.003
7256.64722,14.441,0.003
7256.66164,14.436,0.003
7256.67839,14.439,0.003
7257.52907,14.442,0.003
7257.56263,14.440,0.003
7257.58384,14.439,0.003
7257.60978,14.436,0.003
7257.63459,14.436,0.003
7257.65060,14.433,0.003
7257.66402,14.435,0.003
7257.67675,14.432,0.003
7257.69282,14.433,0.003
7257.70111,14.444,0.003
7258.48351,14.439,0.003
7258.50753,14.440,0.003
7258.52400,14.441,0.003
7258.58799,14.440,0.003
7258.60947,14.437,0.003
7258.62158,14.435,0.003
7258.63647,14.434,0.003
7258.64624,14.435,0.003
7258.65656,14.435,0.003
7258.66938,14.439,0.003
7258.67929,14.442,0.003
7258.69095,14.442,0.003
7261.49963,14.444,0.003
7261.52259,14.438,0.003
7261.53614,14.443,0.003
7261.55268,14.437,0.003
7261.56459,14.438,0.003
7261.57932,14.436,0.003
7261.59261,14.435,0.003
7261.60486,14.437,0.003
7261.62480,14.442,0.003
7261.63764,14.444,0.003
7261.64491,14.439,0.003
7261.64969,14.439,0.003
7261.66720,14.428,0.003
7261.68034,14.438,0.003
7263.47823,14.439,0.003
7263.49467,14.436,0.003
7263.51069,14.435,0.003
7263.52672,14.432,0.003
7263.54194,14.438,0.003
7263.55684,14.438,0.003
7263.57171,14.440,0.003
7263.58684,14.437,0.003
7263.60162,14.438,0.003
7263.61591,14.435,0.003
7263.63169,14.439,0.003
7263.64633,14.437,0.003
7263.66065,14.436,0.003
7263.67514,14.439,0.003
7263.68981,14.434,0.003
7264.47651,14.434,0.003
7264.50206,14.433,0.003
7264.51842,14.441,0.003
7264.53357,14.436,0.003
7264.54862,14.438,0.003
7264.56362,14.437,0.003
7264.57841,14.426,0.003
7264.59342,14.437,0.003
7264.60787,14.438,0.003
7264.62274,14.439,0.003
7264.63910,14.432,0.003
7264.67621,14.439,0.003
7264.69222,14.445,0.003
7264.70971,14.436,0.003
7265.47630,14.432,0.003
7265.49372,14.437,0.003
7265.51046,14.437,0.003
7265.52661,14.438,0.003
7265.54171,14.435,0.003
7265.55666,14.434,0.003
7265.57200,14.438,0.003
7265.58737,14.435,0.003
7265.60175,14.432,0.003
7265.61646,14.434,0.003
7265.64166,14.433,0.003
7265.67362,14.438,0.003
7265.68870,14.434,0.003
7265.70300,14.433,0.003
7266.48154,14.440,0.003
7266.56375,14.437,0.003
7267.47626,14.438,0.003
7267.50130,14.442,0.003
7267.51851,14.440,0.003
7267.53383,14.437,0.003
7267.54966,14.447,0.003
7267.56469,14.439,0.003
7267.59031,14.430,0.003
7267.60487,14.438,0.003
7267.62004,14.437,0.003
7267.63564,14.434,0.003
7267.67376,14.438,0.003
7267.69449,14.437,0.003
7267.70312,14.445,0.003
7268.47741,14.438,0.003
7268.49222,14.439,0.003
7268.51802,14.439,0.003
7268.53266,14.439,0.003
7268.55741,14.441,0.003
7268.57163,14.438,0.003
7268.60540,14.437,0.003
7268.62063,14.442,0.003
7268.63487,14.442,0.003
7268.64897,14.440,0.003
7268.66404,14.436,0.003
7268.68488,14.440,0.003
7268.69480,14.443,0.003
7268.70528,14.442,0.003
7269.48344,14.439,0.003
7269.49962,14.441,0.003
7269.51505,14.432,0.003
7269.53954,14.440,0.003
7269.55413,14.437,0.003
7269.56845,14.440,0.003
7269.58305,14.441,0.003
7269.62111,14.436,0.003
7269.63665,14.433,0.003
7269.65095,14.439,0.003
7269.67328,14.439,0.003
7269.68758,14.442,0.003
7269.70036,14.445,0.003
7270.47528,14.435,0.003
7270.49101,14.438,0.003
7270.50669,14.436,0.003
7270.52169,14.439,0.003
7270.53641,14.438,0.003
7270.56113,14.433,0.003
7270.57551,14.439,0.003
7270.59041,14.439,0.003
7270.60497,14.435,0.003
7270.62276,14.437,0.003
7270.65335,14.436,0.003
7270.66950,14.439,0.003
7270.68847,14.438,0.003
7270.69848,14.435,0.003
7271.48738,14.435,0.003
7271.50753,14.429,0.003
7271.53151,14.434,0.003
7271.54643,14.439,0.003
7271.56078,14.433,0.003
7271.57524,14.433,0.003
7271.58969,14.435,0.003
7271.62765,14.442,0.003
7272.47857,14.433,0.003
7272.49543,14.431,0.003
7272.51320,14.434,0.003
7272.52772,14.438,0.003
7272.54220,14.438,0.003
7272.55684,14.431,0.003
7272.57120,14.436,0.003
7272.59232,14.433,0.003
7273.53161,14.435,0.003
7273.54763,14.438,0.003
7273.56240,14.435,0.003
7273.57745,14.436,0.003
7273.59234,14.434,0.003
7273.61654,14.445,0.003
7273.63220,14.434,0.003
7273.64767,14.432,0.003
7273.66230,14.438,0.003
7273.67851,14.445,0.003
7274.49587,14.435,0.003
7274.62509,14.435,0.003
7275.52297,14.437,0.003
7275.56124,14.436,0.003
7275.57611,14.433,0.003
7275.59031,14.434,0.003
7275.60619,14.436,0.003
7275.62018,14.431,0.003
7275.63472,14.434,0.003
7275.64898,14.439,0.003
7275.66322,14.433,0.003
7275.68194,14.435,0.003
7276.56741,14.434,0.003
7277.47674,14.439,0.003
7277.49603,14.440,0.003
7277.51100,14.435,0.003
7277.52539,14.442,0.003
7277.54026,14.441,0.003
7277.57720,14.433,0.003
7277.59155,14.429,0.003
7277.60578,14.438,0.003
7277.62018,14.437,0.003
7277.63462,14.437,0.003
7277.65134,14.443,0.003
7277.66867,14.438,0.003
7277.68291,14.446,0.003
7278.47914,14.436,0.003
7278.49453,14.433,0.003
7278.50911,14.432,0.003
7278.52344,14.435,0.003
7278.55679,14.435,0.003
7278.58085,14.434,0.003
7278.59519,14.434,0.003
7278.60943,14.437,0.003
7278.62376,14.436,0.003
7278.63812,14.446,0.003
7278.65860,14.431,0.003
7278.66698,14.435,0.003
7281.48385,14.431,0.003
7281.50618,14.437,0.003
7281.52186,14.439,0.003
7281.53633,14.431,0.003
7281.56674,14.431,0.003
7281.58150,14.434,0.003
7283.57213,14.439,0.003
7283.58934,14.440,0.003
7283.61165,14.441,0.003
7284.47608,14.434,0.003
7284.50934,14.435,0.003
7284.52679,14.434,0.003
7284.54266,14.435,0.003
7284.56253,14.433,0.003
7284.57930,14.439,0.003
7284.60174,14.433,0.003
7291.52658,14.439,0.003
7291.59181,14.439,0.003
7292.52048,14.447,0.003
7292.59230,14.444,0.003
7293.50507,14.433,0.003
7293.56343,14.435,0.003
7294.48279,14.446,0.003
7294.56937,14.443,0.003
7294.60700,14.448,0.003
7295.53073,14.437,0.003
7295.59432,14.440,0.003
7296.58697,14.435,0.003
7299.51503,14.435,0.003
7299.55987,14.439,0.003
7300.48444,14.433,0.003
7301.49233,14.456,0.003
7307.55347,14.440,0.003
7311.50454,14.441,0.003
7311.54962,14.454,0.003
7312.52558,14.436,0.003
7313.51932,14.444,0.003
7317.52552,14.436,0.003
7318.52477,14.437,0.003
7322.50352,14.434,0.003
7324.51074,14.431,0.003
7325.50965,14.433,0.003
7328.51080,14.430,0.003
7331.50182,14.437,0.003
7332.51494,14.435,0.003
7424.87388,14.430,0.003
7425.86994,14.440,0.003
7427.87570,14.437,0.003
7428.86761,14.437,0.003
7429.85522,14.425,0.003
7431.85494,14.432,0.003
7432.86850,14.435,0.003
7434.85401,14.431,0.003
7435.87250,14.438,0.003
7436.84603,14.442,0.003
7437.84529,14.436,0.003
7437.87212,14.434,0.003
7438.84480,14.428,0.003
7438.86230,14.437,0.003
7439.84376,14.441,0.003
7439.86261,14.433,0.003
7440.84848,14.432,0.003
7440.86098,14.434,0.003
7441.83887,14.439,0.003
7441.86297,14.432,0.003
7442.82808,14.441,0.003
7442.85558,14.426,0.003
7443.85301,14.431,0.003
7443.89683,14.446,0.003
7444.83054,14.430,0.003
7445.82223,14.431,0.003
7445.84503,14.438,0.003
7445.88477,14.436,0.003
7446.82297,14.438,0.003
7446.85995,14.433,0.003
7446.90006,14.435,0.003
7447.83321,14.434,0.003
7447.87095,14.439,0.003
7448.80438,14.441,0.003
7448.85296,14.435,0.003
7448.89546,14.436,0.003
7449.82869,14.444,0.003
7449.86029,14.443,0.003
7449.88703,14.433,0.003
7451.82106,14.430,0.003
7451.84654,14.433,0.003
7451.89146,14.436,0.003
7452.82912,14.433,0.003
7452.87446,14.433,0.003
7453.80276,14.434,0.003
7453.84081,14.441,0.003
7453.89469,14.429,0.003
7454.85324,14.440,0.003
7454.88651,14.434,0.003
7455.81480,14.439,0.003
7455.85976,14.437,0.003
7456.79291,14.435,0.003
7456.83486,14.441,0.003
7456.88947,14.434,0.003
7457.79656,14.441,0.003
7457.84594,14.436,0.003
7457.90068,14.439,0.003
7458.81025,14.456,0.003
7458.86491,14.437,0.003
7458.90976,14.437,0.003
7460.81387,14.440,0.003
7460.86949,14.438,0.003
7461.78155,14.438,0.003
7461.82631,14.439,0.003
7461.89009,14.437,0.003
7462.77946,14.436,0.003
7462.82799,14.438,0.003
7462.88744,14.437,0.003
7463.82541,14.458,0.003
7463.88726,14.452,0.003
7464.83768,14.442,0.003
7465.78230,14.443,0.003
7465.82704,14.436,0.003
7465.88111,14.434,0.003
7466.85265,14.435,0.003
7466.90275,14.436,0.003
7467.81682,14.445,0.003
7467.86224,14.437,0.003
7467.90718,14.435,0.003
7470.78852,14.432,0.003
7470.83346,14.431,0.003
7470.88656,14.438,0.003
7471.75458,14.443,0.003
7471.79897,14.438,0.003
7471.84480,14.434,0.003
7471.90093,14.432,0.003
7472.76454,14.434,0.003
7472.80918,14.439,0.003
7472.85473,14.439,0.003
7472.91148,14.435,0.003
7473.82864,14.437,0.003
7474.75809,14.441,0.003
7474.79722,14.435,0.003
7474.83492,14.433,0.003
7474.87367,14.437,0.003
7474.91307,14.433,0.003
7475.77738,14.440,0.003
7475.81558,14.437,0.003
7475.85554,14.438,0.003
7475.89403,14.437,0.003
7476.76658,14.441,0.003
7476.84584,14.435,0.003
7479.80793,14.431,0.003
7479.82247,14.441,0.003
7479.83641,14.435,0.003
7480.77088,14.444,0.003
7480.80251,14.439,0.003
7480.82764,14.434,0.003
7480.84662,14.434,0.003
7480.86526,14.430,0.003
7480.88318,14.441,0.003
7480.89848,14.444,0.003
7480.91332,14.444,0.003
7484.72002,14.443,0.003
7484.73571,14.440,0.003
7484.74967,14.441,0.003
7484.76359,14.450,0.003
7484.77753,14.443,0.003
7484.79710,14.445,0.003
7484.81107,14.439,0.003
7484.82504,14.438,0.003
7484.83910,14.444,0.003
7484.85318,14.435,0.003
7484.87728,14.437,0.003
7484.89153,14.442,0.003
7484.90650,14.438,0.003
7484.92184,14.437,0.003
7485.71981,14.450,0.003
7485.74162,14.447,0.003
7485.75559,14.439,0.003
7485.76963,14.438,0.003
7485.78365,14.437,0.003
7485.79755,14.410,0.003
7485.81156,14.442,0.003
7485.83217,14.441,0.003
7485.84628,14.438,0.003
7485.86054,14.441,0.003
7485.87523,14.439,0.003
7485.89031,14.437,0.003
7485.90463,14.443,0.003
7485.91910,14.445,0.003
7486.71391,14.443,0.003
7486.72977,14.439,0.003
7486.74802,14.440,0.003
7486.76199,14.445,0.003
7486.77606,14.436,0.003
7486.78998,14.443,0.003
7486.80393,14.442,0.003
7486.81832,14.441,0.003
7486.83235,14.439,0.003
7486.84660,14.440,0.003
7486.87086,14.440,0.003
7486.88518,14.439,0.003
7486.90147,14.445,0.003
7486.91597,14.435,0.003
7487.71080,14.448,0.003
7487.72500,14.443,0.003
7487.73904,14.443,0.003
7487.75567,14.443,0.003
7487.76973,14.439,0.003
7487.78592,14.434,0.003
7487.80119,14.442,0.003
7487.81523,14.440,0.003
7487.84152,14.433,0.003
7487.85578,14.436,0.003
7487.86996,14.441,0.003
7487.88440,14.439,0.003
7487.89997,14.438,0.003
7487.91402,14.435,0.003
7488.71041,14.444,0.003
7488.72443,14.442,0.003
7488.73907,14.437,0.003
7488.75315,14.446,0.003
7488.76755,14.436,0.003
7488.78214,14.441,0.003
7488.80878,14.437,0.003
7488.83234,14.437,0.003
7488.84676,14.439,0.003
7488.86188,14.440,0.003
7488.87667,14.435,0.003
7488.89202,14.436,0.003
7488.90635,14.437,0.003
7488.92056,14.441,0.003
7489.77746,14.441,0.003
7489.78854,14.441,0.003
7489.80670,14.442,0.003
7489.82875,14.437,0.003
7489.85795,14.440,0.003
7489.90091,14.440,0.003
7489.91475,14.442,0.003
7489.92900,14.437,0.003
7491.69507,14.439,0.003
7491.70904,14.446,0.003
7491.72297,14.453,0.003
7491.73690,14.438,0.003
7491.75116,14.445,0.003
7491.76539,14.437,0.003
7491.77951,14.437,0.003
7491.79380,14.442,0.003
7491.81759,14.443,0.003
7491.83172,14.437,0.003
7491.85594,14.438,0.003
7491.87026,14.441,0.003
7491.88533,14.437,0.003
7491.90034,14.437,0.003
7491.91466,14.446,0.003
7491.92893,14.440,0.003
7492.69768,14.450,0.003
7492.72216,14.448,0.003
7492.73879,14.439,0.003
7492.75834,14.437,0.003
7492.77404,14.442,0.003
7492.79817,14.441,0.003
7492.82308,14.441,0.003
7492.84811,14.441,0.003
7492.86414,14.443,0.003
7492.88978,14.438,0.003
7492.90632,14.440,0.003
7492.92211,14.439,0.003
7493.70513,14.443,0.003
7493.72893,14.446,0.003
7493.74456,14.442,0.003
7493.76017,14.433,0.003
7493.77581,14.442,0.003
7493.80952,14.440,0.003
7493.83461,14.432,0.003
7493.85047,14.429,0.003
7493.86647,14.435,0.003
7493.89176,14.441,0.003
7493.90769,14.445,0.003
7493.92335,14.437,0.003
7494.70049,14.445,0.003
7494.72430,14.442,0.003
7494.74025,14.447,0.003
7494.75941,14.442,0.003
7494.77508,14.438,0.003
7494.80887,14.441,0.003
7494.83408,14.437,0.003
7494.85054,14.441,0.003
7494.86703,14.440,0.003
7494.89261,14.438,0.003
7494.90873,14.442,0.003
7494.92439,14.439,0.003
7495.68592,14.443,0.003
7495.70985,14.444,0.003
7495.72559,14.439,0.003
7495.74124,14.442,0.003
7495.75679,14.438,0.003
7495.78973,14.442,0.003
7495.80533,14.441,0.003
7495.83030,14.439,0.003
7495.84692,14.439,0.003
7495.87224,14.449,0.003
7495.88863,14.442,0.003
7495.90506,14.441,0.003
7495.92070,14.445,0.003
7497.85315,14.445,0.003
7497.87164,14.442,0.003
7497.88864,14.442,0.003
7497.91266,14.441,0.003
7497.92827,14.439,0.003
7498.70031,14.443,0.003
7498.71605,14.441,0.003
7498.73994,14.445,0.003
7498.75561,14.440,0.003
7498.78236,14.442,0.003
7498.81257,14.441,0.003
7498.84868,14.444,0.003
7498.86554,14.439,0.003
7498.88196,14.438,0.003
7498.90772,14.448,0.003
7499.67399,14.445,0.003
7499.68955,14.450,0.003
7499.70526,14.441,0.003
7499.72134,14.442,0.003
7499.74512,14.437,0.003
7499.76067,14.441,0.003
7499.77629,14.442,0.003
7499.79268,14.439,0.003
7499.81646,14.439,0.003
7499.83204,14.445,0.003
7499.84809,14.440,0.003
7499.86438,14.438,0.003
7499.88924,14.438,0.003
7499.90509,14.439,0.003
7499.92098,14.438,0.003
7500.67258,14.452,0.003
7500.69021,14.443,0.003
7500.70579,14.444,0.003
7500.72932,14.446,0.003
7500.74492,14.442,0.003
7500.76067,14.439,0.003
7500.77633,14.443,0.003
7500.80008,14.439,0.003
7500.81586,14.439,0.003
7500.83149,14.440,0.003
7500.84741,14.437,0.003
7500.87420,14.443,0.003
7500.88990,14.441,0.003
7500.90574,14.440,0.003
7500.92132,14.438,0.003
7507.74027,14.436,0.003
7507.75422,14.437,0.003
7507.76819,14.435,0.003
7507.78266,14.434,0.003
7507.79660,14.440,0.003
7507.81064,14.437,0.003
7507.82492,14.443,0.003
7507.83955,14.439,0.003
7507.85981,14.441,0.003
7507.87387,14.421,0.003
7507.88789,14.437,0.003
7507.90217,14.438,0.003
7507.92079,14.435,0.003
7507.93513,14.442,0.003
7508.65294,14.438,0.003
7508.66709,14.437,0.003
7508.68122,14.441,0.003
7508.69535,14.442,0.003
7508.70928,14.435,0.003
7508.72334,14.439,0.003
7508.73418,14.438,0.003
7508.74820,14.438,0.003
7508.76208,14.442,0.003
7508.77601,14.442,0.003
7508.79016,14.442,0.003
7508.80422,14.444,0.003
7508.81840,14.432,0.003
7508.83318,14.446,0.003
7508.84842,14.445,0.003
7508.86291,14.435,0.003
7508.87746,14.443,0.003
7508.89160,14.444,0.003
7508.90696,14.442,0.003
7508.92114,14.441,0.003
7508.93504,14.438,0.003
7509.72738,14.435,0.003
7509.74152,14.441,0.003
7509.75564,14.441,0.003
7509.76994,14.442,0.003
7509.78401,14.440,0.003
7509.79889,14.440,0.003
7509.81384,14.445,0.003
7509.82852,14.435,0.003
7509.84404,14.437,0.003
7509.85842,14.440,0.003
7509.87256,14.440,0.003
7509.88695,14.445,0.003
7509.90113,14.439,0.003
7509.91531,14.445,0.003
7509.93222,14.446,0.003
7511.68160,14.439,0.003
7511.69598,14.440,0.003
7511.70998,14.444,0.003
7511.72397,14.435,0.003
7511.73803,14.443,0.003
7511.75208,14.433,0.003
7511.76624,14.442,0.003
7511.79036,14.442,0.003
7511.80457,14.444,0.003
7511.82968,14.443,0.003
7511.84458,14.445,0.003
7511.85936,14.440,0.003
7511.87360,14.446,0.003
7511.88825,14.443,0.003
7511.90228,14.438,0.003
7511.91635,14.439,0.003
7511.93029,14.443,0.003
7512.70875,14.440,0.003
7512.72439,14.444,0.003
7512.73563,14.443,0.003
7512.74685,14.440,0.003
7512.75769,14.433,0.003
7512.76797,14.441,0.003
7512.77709,14.439,0.003
7512.78659,14.442,0.003
7512.78910,14.438,0.003
7512.81276,14.436,0.003
7512.82768,14.440,0.003
7512.85137,14.440,0.003
7512.86573,14.441,0.003
7512.87976,14.446,0.003
7512.89387,14.445,0.003
7512.90784,14.445,0.003
7512.92447,14.440,0.003
7513.74077,14.441,0.003
7516.63599,14.444,0.003
7516.65071,14.441,0.003
7516.66500,14.439,0.003
7516.68096,14.440,0.003
7516.70169,14.440,0.003
7516.71911,14.431,0.003
7516.76323,14.443,0.003
7516.77615,14.442,0.003
7517.76585,14.447,0.003
7518.73721,14.445,0.003
7518.82024,14.440,0.003
7518.88561,14.442,0.003
7519.78029,14.441,0.003
7519.82204,14.436,0.003
7522.70080,14.439,0.003
7522.78823,14.435,0.003
7522.81468,14.438,0.003
7522.82981,14.440,0.003
7522.84748,14.437,0.003
7522.86165,14.438,0.003
7522.87619,14.432,0.003
7522.89043,14.431,0.003
7522.90448,14.437,0.003
7522.91866,14.436,0.003
7522.93432,14.433,0.003
7523.84502,14.441,0.003
7523.86023,14.440,0.003
7523.87445,14.436,0.003
7523.88859,14.441,0.003
7523.90266,14.439,0.003
7523.91667,14.440,0.003
7523.93073,14.441,0.003
7523.94473,14.433,0.003
7526.61367,14.447,0.003
7526.63334,14.438,0.003
7526.64918,14.436,0.003
7526.66372,14.439,0.003
7526.67896,14.438,0.003
7526.69327,14.446,0.003
7526.70909,14.434,0.003
7526.72365,14.434,0.003
7526.73803,14.443,0.003
7526.76223,14.436,0.003
7526.78894,14.435,0.003
7526.80456,14.442,0.003
7526.83541,14.434,0.003
7526.85007,14.437,0.003
7526.86421,14.439,0.003
7526.87925,14.438,0.003
7526.89333,14.434,0.003
7526.90743,14.435,0.003
7526.92163,14.441,0.003
7526.93566,14.443,0.003
7527.92561,14.439,0.003
7528.76243,14.436,0.003
7528.84066,14.437,0.003
7528.85472,14.440,0.003
7528.87874,14.437,0.003
7528.89297,14.436,0.003
7528.90733,14.439,0.003
7528.92136,14.439,0.003
7528.93538,14.438,0.003
7529.74762,14.454,0.003
7529.76209,14.459,0.003
7529.77795,14.461,0.003
7529.79322,14.461,0.003
7529.80765,14.449,0.003
7529.83055,14.459,0.003
7529.88646,14.425,0.003
7530.62852,14.444,0.003
7530.64189,14.438,0.003
7530.65720,14.440,0.003
7530.67023,14.440,0.003
7530.68551,14.436,0.003
7530.70871,14.433,0.003
7530.73418,14.434,0.003
7530.75589,14.438,0.003
7530.77305,14.440,0.003
7530.79412,14.438,0.003
7530.81197,14.437,0.003
7530.83043,14.439,0.003
7530.85244,14.441,0.003
7530.87499,14.440,0.003
7530.89692,14.442,0.003
7530.91021,14.437,0.003
7530.93661,14.442,0.003
7534.65356,14.442,0.003
7534.66745,14.437,0.003
7534.68142,14.436,0.003
7534.69609,14.439,0.003
7534.71045,14.437,0.003
7534.72441,14.437,0.003
7534.73925,14.440,0.003
7534.75827,14.444,0.003
7534.77902,14.434,0.003
7534.79306,14.433,0.003
7534.80715,14.440,0.003
7534.82108,14.446,0.003
7534.83824,14.457,0.003
7534.85232,14.458,0.003
7534.86677,14.463,0.003
7534.88404,14.464,0.003
7534.89874,14.457,0.003
7534.91341,14.455,0.003
7534.93572,14.457,0.003
7534.94546,14.450,0.003
7536.58664,14.449,0.003
7536.59307,14.440,0.003
7536.60735,14.439,0.003
7536.62279,14.441,0.003
7536.64280,14.436,0.003
7536.65833,14.443,0.003
7536.67246,14.442,0.003
7536.69562,14.439,0.003
7536.70955,14.435,0.003
7536.73274,14.436,0.003
7536.74776,14.436,0.003
7536.76231,14.438,0.003
7536.77666,14.438,0.003
7536.79077,14.440,0.003
7536.80491,14.441,0.003
7536.81899,14.440,0.003
7536.83324,14.440,0.003
7536.84729,14.443,0.003
7536.86138,14.441,0.003
7536.87625,14.442,0.003
7536.89323,14.435,0.003
7536.90815,14.439,0.003
7536.93535,14.438,0.003
7545.62658,14.442,0.003
7545.63620,14.441,0.003
7545.64526,14.441,0.003
7545.65688,14.439,0.003
7545.66894,14.438,0.003
7545.69610,14.440,0.003
7545.73015,14.437,0.003
7545.74084,14.441,0.003
7545.75501,14.437,0.003
7545.76480,14.442,0.003
7545.77589,14.436,0.003
7545.79996,14.438,0.003
7545.82295,14.438,0.003
7545.83690,14.442,0.003
7545.85126,14.436,0.003
7545.86522,14.440,0.003
7545.87914,14.439,0.003
7545.89470,14.439,0.003
7545.90861,14.437,0.003
7545.92324,14.437,0.003
7545.93717,14.439,0.003
7545.94688,14.445,0.003
7546.60561,14.437,0.003
7546.61686,14.442,0.003
7546.63614,14.445,0.003
7546.65002,14.442,0.003
7546.65854,14.444,0.003
7546.66965,14.434,0.003
7546.68390,14.438,0.003
7546.70149,14.439,0.003
7546.71541,14.442,0.003
7546.73018,14.435,0.003
7546.74771,14.441,0.003
7546.76186,14.436,0.003
7546.77587,14.438,0.003
7546.78992,14.436,0.003
7546.80429,14.437,0.003
7546.81861,14.438,0.003
7546.83265,14.440,0.003
7546.84678,14.438,0.003
7546.86089,14.444,0.003
7546.87487,14.438,0.003
7546.88886,14.438,0.003
7546.90287,14.436,0.003
7546.91698,14.434,0.003
7546.93096,14.431,0.003
7546.94187,14.436,0.003
7547.54420,14.447,0.003
7547.55730,14.446,0.003
7547.57128,14.439,0.003
7547.58526,14.441,0.003
7547.59943,14.442,0.003
7547.61376,14.445,0.003
7547.62764,14.437,0.003
7547.64193,14.440,0.003
7547.65621,14.439,0.003
7547.67357,14.436,0.003
7547.69194,14.436,0.003
7547.70934,14.445,0.003
7547.72337,14.442,0.003
7547.73780,14.435,0.003
7547.75577,14.439,0.003
7547.76977,14.440,0.003
7547.78378,14.439,0.003
7547.79787,14.439,0.003
7547.81200,14.438,0.003
7547.82617,14.439,0.003
7547.84034,14.444,0.003
7547.85443,14.441,0.003
7547.86847,14.442,0.003
7547.88239,14.437,0.003
7547.89643,14.433,0.003
7547.91035,14.434,0.003
7547.92870,14.435,0.003
7547.93801,14.438,0.003
7548.57935,14.446,0.003
7548.59227,14.442,0.003
7548.60724,14.438,0.003
7548.62443,14.439,0.003
7548.64107,14.439,0.003
7548.65572,14.438,0.003
7548.66886,14.436,0.003
7548.68363,14.439,0.003
7548.70290,14.437,0.003
7548.71846,14.440,0.003
7548.73268,14.431,0.003
7548.74559,14.432,0.003
7548.76241,14.443,0.003
7548.77531,14.441,0.003
7548.79041,14.441,0.003
7548.80460,14.443,0.003
7548.82618,14.440,0.003
7548.84020,14.436,0.003
7548.85385,14.438,0.003
7548.86880,14.439,0.003
7548.88292,14.438,0.003
7548.89750,14.438,0.003
7548.91260,14.435,0.003
7548.92795,14.442,0.003
7549.57446,14.446,0.003
7549.58733,14.438,0.003
7549.59858,14.449,0.003
7549.61392,14.442,0.003
7549.62508,14.440,0.003
7549.63900,14.441,0.003
7549.65308,14.439,0.003
7549.67103,14.436,0.003
7549.68557,14.438,0.003
7549.70266,14.432,0.003
7549.71701,14.435,0.003
7549.73188,14.433,0.003
7549.74687,14.438,0.003
7549.76124,14.435,0.003
7549.77520,14.438,0.003
7549.79498,14.434,0.003
7549.80895,14.441,0.003
7549.82299,14.438,0.003
7549.83699,14.434,0.003
7549.85103,14.436,0.003
7549.86497,14.443,0.003
7549.87897,14.442,0.003
7549.89294,14.447,0.003
7549.90701,14.437,0.003
7549.92099,14.438,0.003
7549.93352,14.447,0.003
7550.57319,14.444,0.003
7550.58192,14.444,0.003
7550.59487,14.440,0.003
7550.60810,14.439,0.003
7550.61912,14.437,0.003
7550.63320,14.440,0.003
7550.64736,14.439,0.003
7550.66155,14.443,0.003
7550.67591,14.441,0.003
7550.69008,14.440,0.003
7550.70914,14.438,0.003
7550.72520,14.438,0.003
7550.74358,14.435,0.003
7550.75907,14.442,0.003
7550.77311,14.440,0.003
7550.78758,14.437,0.003
7550.80153,14.440,0.003
7550.81553,14.442,0.003
7550.82949,14.434,0.003
7550.84359,14.438,0.003
7550.85792,14.434,0.003
7550.87187,14.439,0.003
7550.88585,14.441,0.003
7550.90048,14.440,0.003
7550.91452,14.447,0.003
7550.92842,14.433,0.003
7551.60799,14.438,0.003
7552.73862,14.433,0.003
7552.79768,14.441,0.003
7553.88252,14.441,0.003
7554.56221,14.437,0.003
7554.59019,14.438,0.003
7554.60743,14.433,0.003
7554.62379,14.443,0.003
7554.64587,14.440,0.003
7554.66275,14.438,0.003
7554.68785,14.440,0.003
7554.73566,14.438,0.003
7554.75376,14.434,0.003
7554.79178,14.440,0.003
7554.88471,14.435,0.003
7555.52906,14.439,0.003
7555.54557,14.436,0.003
7555.56257,14.442,0.003
7555.58058,14.437,0.003
7555.59635,14.442,0.003
7555.61092,14.435,0.003
7555.62593,14.439,0.003
7555.64112,14.435,0.003
7555.65637,14.434,0.003
7555.67158,14.439,0.003
7555.68691,14.438,0.003
7555.70302,14.437,0.003
7555.71942,14.434,0.003
7555.73450,14.441,0.003
7555.74957,14.440,0.003
7555.76377,14.432,0.003
7555.77783,14.433,0.003
7555.79243,14.434,0.003
7555.80655,14.439,0.003
7555.82108,14.434,0.003
7555.83520,14.441,0.003
7555.86105,14.437,0.003
7555.88407,14.437,0.003
7555.89822,14.442,0.003
7555.91229,14.436,0.003
7557.53409,14.441,0.003
7557.54879,14.440,0.003
7557.56493,14.438,0.003
7557.57962,14.439,0.003
7557.59580,14.435,0.003
7557.62380,14.437,0.003
7557.64002,14.433,0.003
7557.65911,14.434,0.003
7557.67589,14.435,0.003
7557.70825,14.435,0.003
7557.72623,14.436,0.003
7557.74405,14.435,0.003
7557.76066,14.439,0.003
7557.79337,14.436,0.003
7557.82004,14.434,0.003
7557.83658,14.438,0.003
7557.85374,14.437,0.003
7557.87030,14.439,0.003
7557.88574,14.440,0.003
7557.90138,14.439,0.003
7557.91459,14.435,0.003
7561.51809,14.441,0.003
7561.53295,14.439,0.003
7561.57704,14.433,0.003
7561.59398,14.436,0.003
7561.61008,14.437,0.003
7561.62472,14.436,0.003
7561.63975,14.436,0.003
7561.65410,14.436,0.003
7561.67442,14.440,0.003
7561.69041,14.436,0.003
7561.70537,14.437,0.003
7561.72756,14.436,0.003
7561.74210,14.439,0.003
7561.75710,14.442,0.003
7561.77132,14.438,0.003
7561.78589,14.435,0.003
7561.79750,14.439,0.003
7561.81020,14.431,0.003
7561.82576,14.432,0.003
7561.84008,14.437,0.003
7561.85681,14.438,0.003
7562.52125,14.445,0.003
7562.53130,14.447,0.003
7562.54551,14.440,0.003
7562.55943,14.440,0.003
7562.57398,14.440,0.003
7562.59088,14.435,0.003
7562.60690,14.435,0.003
7562.62525,14.437,0.003
7562.64711,14.433,0.003
7562.66558,14.437,0.003
7566.53205,14.413,0.003
7566.54733,14.434,0.003
7566.56136,14.435,0.003
7566.57566,14.437,0.003
7566.59910,14.429,0.003
7566.61302,14.430,0.003
7566.63769,14.439,0.003
7566.65191,14.438,0.003
7566.66617,14.437,0.003
7566.68049,14.435,0.003
7566.69529,14.436,0.003
7566.70990,14.443,0.003
7566.72541,14.438,0.003
7566.73957,14.436,0.003
7566.75365,14.439,0.003
7566.76777,14.440,0.003
7566.78230,14.439,0.003
7566.79640,14.433,0.003
7566.81050,14.436,0.003
7566.82462,14.438,0.003
7566.83875,14.434,0.003
7566.85288,14.429,0.003
7566.86697,14.440,0.003
7566.87969,14.440,0.003
7567.50425,14.434,0.003
7567.51890,14.441,0.003
7567.53293,14.438,0.003
7567.54706,14.432,0.003
7567.56187,14.426,0.003
7567.57585,14.433,0.003
7567.59012,14.435,0.003
7567.61345,14.437,0.003
7567.62898,14.434,0.003
7567.65219,14.438,0.003
7567.66697,14.437,0.003
7567.68201,14.437,0.003
7567.69672,14.431,0.003
7567.71128,14.439,0.003
7567.72536,14.436,0.003
7567.74053,14.432,0.003
7567.75452,14.436,0.003
7567.76853,14.436,0.003
7567.78261,14.436,0.003
7567.79685,14.435,0.003
7567.81077,14.439,0.003
7567.82476,14.438,0.003
7567.83882,14.435,0.003
7567.85283,14.436,0.003
7567.86695,14.439,0.003
7567.88267,14.435,0.003
7568.50319,14.441,0.003
7568.56995,14.435,0.003
7568.58374,14.443,0.003
7568.59772,14.437,0.003
7568.61294,14.428,0.003
7568.62693,14.436,0.003
7568.64108,14.438,0.003
7568.66658,14.433,0.003
7568.68169,14.437,0.003
7568.70704,14.439,0.003
7568.72109,14.438,0.003
7568.73557,14.435,0.003
7568.75332,14.436,0.003
7568.76743,14.436,0.003
7568.78159,14.439,0.003
7568.79558,14.438,0.003
7568.81095,14.432,0.003
7568.84664,14.440,0.003
7569.54446,14.436,0.003
7569.55849,14.434,0.003
7569.57238,14.439,0.003
7569.58723,14.432,0.003
7569.60121,14.435,0.003
7569.61548,14.432,0.003
7569.64072,14.434,0.003
7569.65493,14.437,0.003
7569.68161,14.434,0.003
7569.69594,14.434,0.003
7569.71276,14.433,0.003
7569.72689,14.439,0.003
7569.74124,14.440,0.003
7569.75539,14.441,0.003
7569.77083,14.438,0.003
7569.78501,14.435,0.003
7569.79905,14.433,0.003
7569.81361,14.436,0.003
7569.82825,14.440,0.003
7570.58123,14.443,0.003
7570.65973,14.437,0.003
7570.67995,14.431,0.003
7570.69252,14.434,0.003
7570.70669,14.432,0.003
7570.72107,14.444,0.003
7570.73455,14.434,0.003
7570.75048,14.439,0.003
7570.76430,14.443,0.003
7570.78239,14.438,0.003
7570.79614,14.436,0.003
7570.83064,14.439,0.003
7570.84378,14.430,0.003
7573.58889,14.441,0.003
7573.60153,14.437,0.003
7573.62401,14.435,0.003
7573.63719,14.435,0.003
7573.65193,14.437,0.003
7573.67787,14.434,0.003
7573.69055,14.434,0.003
7573.70640,14.436,0.003
7573.71910,14.437,0.003
7573.73330,14.439,0.003
7575.51948,14.451,0.003
7575.53263,14.453,0.003
7575.54582,14.439,0.003
7575.56898,14.437,0.003
7575.58185,14.435,0.003
7575.62169,14.437,0.003
7575.63449,14.436,0.003
7575.65763,14.431,0.003
7575.67147,14.430,0.003
7575.68458,14.435,0.003
7575.69872,14.434,0.003
7575.71131,14.431,0.003
7575.72400,14.433,0.003
7575.73691,14.439,0.003
7575.74980,14.439,0.003
7575.76263,14.436,0.003
7575.77532,14.433,0.003
7575.78820,14.432,0.003
7575.80099,14.437,0.003
7575.81388,14.437,0.003
7575.82646,14.432,0.003
7575.83944,14.434,0.003
7575.84755,14.439,0.003
7576.47664,14.433,0.003
7576.48957,14.436,0.003
7576.50227,14.440,0.003
7576.51500,14.436,0.003
7576.52758,14.439,0.003
7576.54129,14.436,0.003
7576.57031,14.437,0.003
7576.58310,14.433,0.003
7576.60559,14.436,0.003
7576.62760,14.441,0.003
7576.64194,14.433,0.003
7576.65558,14.431,0.003
7576.66958,14.436,0.003
7576.68260,14.436,0.003
7576.69558,14.435,0.003
7576.70827,14.436,0.003
7576.72090,14.440,0.003
7576.73411,14.431,0.003
7576.74662,14.440,0.003
7576.75933,14.436,0.003
7576.77172,14.438,0.003
7576.78466,14.439,0.003
7576.79770,14.435,0.003
7576.81047,14.431,0.003
7576.82313,14.433,0.003
7576.83574,14.434,0.003
7577.52450,14.432,0.003
7577.53974,14.436,0.003
7577.55408,14.435,0.003
7577.56859,14.432,0.003
7577.58319,14.440,0.003
7577.65081,14.435,0.003
7579.59379,14.441,0.003
7579.61034,14.438,0.003
7579.62421,14.438,0.003
7579.63968,14.433,0.003
7579.66533,14.441,0.003
7579.69095,14.437,0.003
7579.70568,14.435,0.003
7579.71936,14.437,0.003
7579.73305,14.439,0.003
7579.74654,14.436,0.003
7579.76047,14.438,0.003
7579.78536,14.429,0.003
7581.70697,14.433,0.003
7581.72253,14.436,0.003
7581.74754,14.440,0.003
7581.77346,14.433,0.003
7581.78890,14.435,0.003
7581.80356,14.438,0.003
7581.81725,14.439,0.003
7581.82939,14.438,0.003
7581.83994,14.439,0.003
7582.65632,14.431,0.003
7582.67014,14.438,0.003
7582.69258,14.437,0.003
7582.70590,14.436,0.003
7582.72859,14.435,0.003
7582.77651,14.437,0.003
7583.69335,14.436,0.003
7583.72704,14.430,0.003
7583.74148,14.433,0.003
7583.75513,14.440,0.003
7583.76780,14.436,0.003
7583.78149,14.439,0.003
7583.81181,14.438,0.003
7584.49947,14.437,0.003
7584.51211,14.431,0.003
7584.52504,14.439,0.003
7584.53767,14.439,0.003
7584.55070,14.432,0.003
7584.56365,14.438,0.003
7584.57636,14.439,0.003
7584.58902,14.431,0.003
7584.60185,14.440,0.003
7584.61477,14.437,0.003
7584.62796,14.434,0.003
7584.64192,14.433,0.003
7584.65517,14.434,0.003
7584.66783,14.436,0.003
7584.68052,14.436,0.003
7584.69308,14.432,0.003
7584.70591,14.436,0.003
7584.71872,14.435,0.003
7584.73148,14.434,0.003
7584.75474,14.435,0.003
7584.76892,14.435,0.003
7584.78180,14.435,0.003
7584.79452,14.436,0.003
7584.80808,14.436,0.003
7584.82116,14.435,0.003
7584.82791,14.431,0.003
7589.46821,14.440,0.003
7589.48368,14.445,0.003
7589.49749,14.441,0.003
7589.51230,14.435,0.003
7589.52533,14.436,0.003
7589.54294,14.428,0.003
7589.55571,14.437,0.003
7589.56852,14.439,0.003
7589.58176,14.433,0.003
7589.59652,14.437,0.003
7589.60977,14.435,0.003
7589.62609,14.435,0.003
7589.64375,14.430,0.003
7589.65897,14.436,0.003
7589.67110,14.439,0.003
7589.68376,14.432,0.003
7589.69661,14.438,0.003
7589.70925,14.442,0.003
7589.72218,14.439,0.003
7589.74308,14.441,0.003
7589.75567,14.443,0.003
7589.76857,14.438,0.003
7589.78130,14.440,0.003
7589.79395,14.435,0.003
7589.80610,14.441,0.003
7590.47060,14.436,0.003
7590.48323,14.438,0.003
7590.49557,14.439,0.003
7590.50845,14.434,0.003
7590.52124,14.436,0.003
7590.53361,14.441,0.003
7590.54622,14.438,0.003
7590.55863,14.431,0.003
7590.57169,14.436,0.003
7590.58476,14.437,0.003
7590.59792,14.435,0.003
7590.61174,14.438,0.003
7590.62752,14.433,0.003
7590.64316,14.447,0.003
7590.65606,14.447,0.003
7590.66886,14.458,0.003
7590.68132,14.456,0.003
7590.69404,14.452,0.003
7590.70659,14.455,0.003
7590.71932,14.459,0.003
7590.73171,14.451,0.003
7590.75882,14.452,0.003
7590.80449,14.439,0.003
7591.47587,14.432,0.003
7591.50251,14.436,0.003
7591.52279,14.438,0.003
7591.53665,14.426,0.003
7591.55516,14.435,0.003
7591.56987,14.435,0.003
7593.46960,14.435,0.003
7593.48374,14.435,0.003
7593.49635,14.440,0.003
7593.50883,14.443,0.003
7593.53147,14.435,0.003
7593.54404,14.437,0.003
7593.56568,14.440,0.003
7593.57799,14.435,0.003
7593.59052,14.436,0.003
7593.60928,14.431,0.003
7593.62413,14.437,0.003
7593.63664,14.435,0.003
7593.64938,14.431,0.003
7593.66211,14.431,0.003
7593.67460,14.438,0.003
7593.68692,14.438,0.003
7593.69929,14.437,0.003
7593.71212,14.437,0.003
7593.72466,14.439,0.003
7593.73801,14.435,0.003
7593.75051,14.438,0.003
7593.76295,14.440,0.003
7593.77540,14.436,0.003
7593.78798,14.443,0.003
7593.79579,14.437,0.003
7593.80373,14.441,0.003
7595.51129,14.433,0.003
7595.52371,14.435,0.003
7595.57573,14.438,0.003
7595.60576,14.438,0.003
7595.64136,14.432,0.003
7595.70821,14.432,0.003
7596.47113,14.439,0.003
7596.48360,14.439,0.003
7596.50286,14.433,0.003
7596.51590,14.433,0.003
7596.53741,14.437,0.003
7596.54980,14.436,0.003
7596.57566,14.435,0.003
7596.58828,14.438,0.003
7596.61119,14.432,0.003
7597.56941,14.431,0.003
7599.47079,14.429,0.003
7599.48321,14.435,0.003
7599.51006,14.440,0.003
7599.53822,14.436,0.003
7599.55061,14.436,0.003
7599.57752,14.435,0.003
7599.59147,14.435,0.003
7599.62181,14.435,0.003
7599.63490,14.437,0.003
7599.65524,14.435,0.003
7599.68698,14.432,0.003
7599.71586,14.419,0.003
7599.73229,14.430,0.003
7599.74493,14.433,0.003
7599.75744,14.431,0.003
7599.77009,14.434,0.003
7599.78240,14.445,0.003
7599.79516,14.442,0.003
7600.47820,14.430,0.003
7600.49244,14.430,0.003
7600.51904,14.442,0.003
7600.54721,14.437,0.003
7600.55983,14.440,0.003
7600.58407,14.436,0.003
7600.61363,14.439,0.003
7600.64251,14.434,0.003
7600.65487,14.437,0.003
7600.67663,14.441,0.003
7600.68922,14.439,0.003
7600.70161,14.437,0.003
7600.74703,14.435,0.003
7600.77616,14.427,0.003
7601.53652,14.431,0.003
7601.71375,14.434,0.003
7601.74018,14.433,0.003
7601.75255,14.430,0.003
7601.76499,14.432,0.003
7601.77748,14.429,0.003
7602.47087,14.439,0.003
7602.48367,14.438,0.003
7602.49624,14.436,0.003
7602.51704,14.440,0.003
7602.52946,14.432,0.003
7602.54180,14.438,0.003
7602.55439,14.436,0.003
7602.56738,14.429,0.003
7602.58082,14.440,0.003
7602.59440,14.433,0.003
7602.61589,14.435,0.003
7602.63782,14.437,0.003
7602.65074,14.437,0.003
7602.66325,14.436,0.003
7602.67616,14.435,0.003
7602.68860,14.439,0.003
7602.70092,14.435,0.003
7602.71345,14.442,0.003
7602.72840,14.427,0.003
7602.74082,14.436,0.003
7602.75319,14.436,0.003
7602.76572,14.440,0.003
7602.77678,14.442,0.003
7603.47131,14.436,0.003
7603.48403,14.436,0.003
7603.49645,14.437,0.003
7603.50889,14.434,0.003
7603.52143,14.439,0.003
7603.54291,14.434,0.003
7603.55579,14.440,0.003
7603.57763,14.436,0.003
7603.59084,14.434,0.003
7603.60355,14.439,0.003
7603.61639,14.430,0.003
7603.62898,14.432,0.003
7603.64146,14.437,0.003
7603.65405,14.434,0.003
7603.66650,14.433,0.003
7603.67897,14.435,0.003
7603.69133,14.441,0.003
7603.70367,14.438,0.003
7603.71877,14.432,0.003
7603.73119,14.435,0.003
7603.74395,14.434,0.003
7603.75642,14.439,0.003
7603.76879,14.438,0.003
7603.78122,14.441,0.003
7604.47888,14.433,0.003
7604.49491,14.441,0.003
7604.50731,14.438,0.003
7604.51976,14.442,0.003
7604.53226,14.439,0.003
7604.54462,14.433,0.003
7604.55708,14.435,0.003
7604.57035,14.431,0.003
7604.58393,14.437,0.003
7604.59712,14.437,0.003
7604.60984,14.440,0.003
7604.62246,14.437,0.003
7604.63519,14.436,0.003
7604.64870,14.436,0.003
7604.66113,14.437,0.003
7604.67360,14.435,0.003
7604.68606,14.434,0.003
7604.69851,14.439,0.003
7604.71116,14.433,0.003
7604.72386,14.436,0.003
7604.73701,14.436,0.003
7604.74934,14.433,0.003
7604.76204,14.434,0.003
7605.47369,14.436,0.003
7605.48615,14.440,0.003
7605.49860,14.433,0.003
7605.51585,14.437,0.003
7605.52840,14.430,0.003
7605.54102,14.434,0.003
7605.56308,14.432,0.003
7605.58019,14.431,0.003
7605.60196,14.434,0.003
7605.61455,14.437,0.003
7605.62713,14.438,0.003
7605.63962,14.434,0.003
7605.65236,14.436,0.003
7605.66488,14.437,0.003
7605.67754,14.436,0.003
7605.69004,14.433,0.003
7605.70240,14.431,0.003
7605.71474,14.440,0.003
7605.72719,14.436,0.003
7605.73968,14.430,0.003
7605.75199,14.441,0.003
7605.76432,14.427,0.003
7605.77670,14.440,0.003
7606.65891,14.442,0.003
7606.67344,14.433,0.003
7606.68837,14.436,0.003
7606.70341,14.434,0.003
7606.71850,14.432,0.003
7606.73889,14.433,0.003
7607.47118,14.433,0.003
7607.48620,14.435,0.003
7607.50130,14.434,0.003
7607.52523,14.437,0.003
7607.54979,14.440,0.003
7607.56620,14.434,0.003
7607.58268,14.438,0.003
7607.59767,14.434,0.003
7607.61240,14.435,0.003
7607.62699,14.428,0.003
7607.64154,14.439,0.003
7607.65605,14.439,0.003
7607.67063,14.438,0.003
7607.68506,14.438,0.003
7607.69965,14.434,0.003
7607.71415,14.428,0.003
7607.72865,14.432,0.003
7607.74148,14.434,0.003
7607.75416,14.435,0.003
7608.47299,14.439,0.003
7608.48751,14.438,0.003
7608.50210,14.439,0.003
7608.52103,14.433,0.003
7608.54567,14.438,0.003
7608.58530,14.434,0.003
7608.60018,14.436,0.003
7608.61870,14.439,0.003
7608.63346,14.441,0.003
7608.64821,14.433,0.003
7608.66298,14.434,0.003
7608.67787,14.436,0.003
7608.69263,14.437,0.003
7608.70737,14.431,0.003
7608.72290,14.440,0.003
7608.73774,14.444,0.003
7608.75017,14.437,0.003
7608.76259,14.440,0.003
7609.47383,14.433,0.003
7609.48851,14.431,0.003
7609.50327,14.444,0.003
7609.51808,14.439,0.003
7609.53277,14.434,0.003
7609.55863,14.441,0.003
7609.58424,14.433,0.003
7609.59939,14.433,0.003
7609.61429,14.433,0.003
7609.62889,14.437,0.003
7609.64344,14.438,0.003
7609.65902,14.430,0.003
7609.67614,14.432,0.003
7609.69282,14.431,0.003
7609.70870,14.437,0.003
7609.72143,14.433,0.003
7609.73401,14.437,0.003
7609.74033,14.433,0.003
7609.74990,14.442,0.003
7609.75931,14.438,0.003
7610.47229,14.435,0.003
7610.48758,14.435,0.003
7610.50251,14.433,0.003
7610.51730,14.433,0.003
7610.53293,14.437,0.003
7610.55296,14.434,0.003
7610.57846,14.427,0.003
7610.60280,14.438,0.003
7610.61751,14.436,0.003
7610.63215,14.431,0.003
7610.64676,14.433,0.003
7610.66147,14.433,0.003
7610.67630,14.436,0.003
7610.69096,14.436,0.003
7610.70547,14.433,0.003
7610.72025,14.438,0.003
7611.48574,14.439,0.003
7611.52285,14.440,0.003
7611.55971,14.435,0.003
7611.58871,14.437,0.003
7611.63229,14.434,0.003
7611.64752,14.432,0.003
7611.66241,14.436,0.003
7611.67808,14.432,0.003
7611.72943,14.435,0.003
7611.74407,14.439,0.003
7612.48007,14.437,0.003
7612.49521,14.447,0.003
7612.50784,14.435,0.003
7612.52047,14.434,0.003
7612.53300,14.434,0.003
7612.54550,14.434,0.003
7612.56005,14.437,0.003
7612.57380,14.433,0.003
7612.58623,14.437,0.003
7612.59880,14.438,0.003
7612.61151,14.436,0.003
7612.62402,14.433,0.003
7612.63645,14.441,0.003
7612.64902,14.434,0.003
7612.66163,14.434,0.003
7612.67432,14.435,0.003
7612.68685,14.433,0.003
7612.69929,14.436,0.003
7612.71193,14.436,0.003
7612.72456,14.436,0.003
7612.73721,14.437,0.003
7612.74869,14.443,0.003
7616.48208,14.436,0.003
7616.49706,14.440,0.003
7616.51229,14.435,0.003
7616.54517,14.430,0.003
7616.56089,14.429,0.003
7616.57592,14.436,0.003
7616.59088,14.434,0.003
7616.60763,14.435,0.003
7616.62231,14.435,0.003
7616.65582,14.437,0.003
7616.67504,14.434,0.003
7616.68997,14.439,0.003
7616.72853,14.437,0.003
7616.73910,14.437,0.003
7617.49518,14.434,0.003
7617.51014,14.436,0.003
7617.52582,14.432,0.003
7617.54185,14.434,0.003
7617.55804,14.434,0.003
7617.57291,14.439,0.003
7617.58763,14.436,0.003
7617.60221,14.427,0.003
7617.61677,14.436,0.003
7617.63139,14.433,0.003
7617.64598,14.434,0.003
7617.66055,14.430,0.003
7617.67530,14.428,0.003
7617.68975,14.440,0.003
7617.70439,14.433,0.003
7617.71850,14.431,0.003
7617.73025,14.434,0.003
7618.47414,14.433,0.003
7618.48897,14.433,0.003
7618.50322,14.431,0.003
7618.51927,14.435,0.003
7618.53508,14.436,0.003
7618.55048,14.431,0.003
7618.56479,14.431,0.003
7618.57940,14.435,0.003
7618.59383,14.431,0.003
7618.60839,14.437,0.003
7618.62299,14.439,0.003
7618.63765,14.436,0.003
7618.65213,14.433,0.003
7618.66666,14.437,0.003
7618.68134,14.430,0.003
7618.69395,14.431,0.003
7618.70648,14.436,0.003
7618.71904,14.438,0.003
7618.73169,14.435,0.003
7619.52245,14.430,0.003
7619.53838,14.427,0.003
7619.55539,14.430,0.003
7619.57909,14.436,0.003
7621.47258,14.436,0.003
7621.48762,14.436,0.003
7621.51981,14.435,0.003
7621.53620,14.433,0.003
7621.55138,14.444,0.003
7621.56631,14.430,0.003
7621.58124,14.434,0.003
7621.60167,14.431,0.003
7621.61623,14.438,0.003
7621.63627,14.433,0.003
7621.65091,14.438,0.003
7621.66589,14.441,0.003
7621.68056,14.426,0.003
7621.69756,14.436,0.003
7622.47181,14.431,0.003
7622.48703,14.432,0.003
7622.50899,14.432,0.003
7622.52482,14.431,0.003
7622.54011,14.432,0.003
7622.55817,14.433,0.003
7622.57295,14.432,0.003
7622.58859,14.435,0.003
7622.61254,14.435,0.003
7622.63670,14.434,0.003
7622.65140,14.429,0.003
7622.66619,14.433,0.003
7622.68132,14.435,0.003
7622.69384,14.437,0.003
7622.70972,14.433,0.003
7622.71919,14.440,0.003
7623.47209,14.435,0.003
7623.48741,14.438,0.003
7623.50351,14.436,0.003
7623.51865,14.440,0.003
7623.53420,14.430,0.003
7623.54884,14.433,0.003
7623.57327,14.435,0.003
7623.59752,14.432,0.003
7623.61236,14.441,0.003
7623.62692,14.437,0.003
7623.64175,14.434,0.003
7623.65641,14.440,0.003
7623.67107,14.430,0.003
7623.68577,14.432,0.003
7623.69980,14.442,0.003
7623.71258,14.441,0.003
7624.47435,14.429,0.003
7624.48936,14.437,0.003
7624.50431,14.434,0.003
7624.52131,14.432,0.003
7624.54620,14.437,0.003
7624.57034,14.436,0.003
7624.58556,14.436,0.003
7624.60375,14.439,0.003
7624.61879,14.441,0.003
7624.63375,14.443,0.003
7624.65038,14.437,0.003
7624.66558,14.434,0.003
7624.68043,14.434,0.003
7625.47614,14.437,0.003
7625.49142,14.432,0.003
7625.50740,14.438,0.003
7625.53085,14.436,0.003
7625.55491,14.434,0.003
7625.57922,14.437,0.003
7625.59395,14.434,0.003
7625.60858,14.434,0.003
7625.62308,14.435,0.003
7625.63791,14.439,0.003
7625.65276,14.437,0.003
7625.67726,14.438,0.003
7626.47895,14.432,0.003
7626.49425,14.432,0.003
7626.50965,14.438,0.003
7626.52637,14.429,0.003
7626.54158,14.435,0.003
7626.56438,14.436,0.003
7626.59189,14.439,0.003
7626.61618,14.436,0.003
7626.63100,14.434,0.003
7626.64586,14.436,0.003
7626.66064,14.430,0.003
7626.67573,14.434,0.003
7630.47751,14.434,0.003
7630.50346,14.430,0.003
7630.52927,14.430,0.003
7630.54417,14.437,0.003
7630.55895,14.440,0.003
7630.57408,14.432,0.003
7630.58881,14.434,0.003
7630.60334,14.435,0.003
7630.61825,14.436,0.003
7630.63340,14.429,0.003
7630.64804,14.437,0.003
7630.66247,14.429,0.003
7631.47533,14.430,0.003
7631.49608,14.433,0.003
7631.52065,14.438,0.003
7631.53605,14.436,0.003
7631.55127,14.436,0.003
7631.56595,14.438,0.003
7631.58063,14.436,0.003
7631.59593,14.439,0.003
7631.61058,14.436,0.003
7631.62508,14.433,0.003
7631.63963,14.435,0.003
7631.65416,14.438,0.003
7632.47489,14.435,0.003
7632.49547,14.431,0.003
7632.52008,14.435,0.003
7632.53545,14.436,0.003
7632.55051,14.430,0.003
7632.56546,14.435,0.003
7632.58084,14.439,0.003
7632.59577,14.431,0.003
7632.61042,14.431,0.003
7632.62502,14.433,0.003
7632.63938,14.436,0.003
7632.65314,14.428,0.003
7633.54753,14.428,0.003
7633.56261,14.432,0.003
7633.57784,14.432,0.003
7633.59283,14.432,0.003
7633.60851,14.434,0.003
7633.62333,14.428,0.003
7633.63816,14.434,0.003
7633.65050,14.436,0.003
7634.49406,14.430,0.003
7634.52418,14.434,0.003
7634.53887,14.433,0.003
7634.55456,14.428,0.003
7634.56935,14.432,0.003
7634.58402,14.433,0.003
7635.48003,14.431,0.003
7635.50127,14.432,0.003
7635.51578,14.429,0.003
7635.53982,14.439,0.003
7635.55463,14.435,0.003
7635.57465,14.438,0.003
7635.59178,14.432,0.003
7635.61107,14.436,0.003
7636.47656,14.429,0.003
7636.49411,14.434,0.003
7636.50908,14.434,0.003
7636.53132,14.433,0.003
7636.54612,14.431,0.003
7636.56097,14.437,0.003
7636.57658,14.438,0.003
7636.59126,14.432,0.003
7636.60609,14.431,0.003
7636.62080,14.444,0.003
7636.63319,14.439,0.003
7636.64729,14.433,0.003
7637.47734,14.432,0.003
7637.49331,14.433,0.003
7637.51881,14.442,0.003
7637.53392,14.435,0.003
7637.55172,14.435,0.003
7637.56670,14.432,0.003
7637.58115,14.436,0.003
7637.59557,14.434,0.003
7637.61026,14.437,0.003
7637.62491,14.432,0.003
7637.63755,14.436,0.003
7638.48353,14.431,0.003
7638.49900,14.430,0.003
7638.51736,14.430,0.003
7638.53205,14.428,0.003
7638.54717,14.432,0.003
7638.56838,14.428,0.003
7638.59606,14.441,0.003
7638.62187,14.443,0.003
7639.47713,14.435,0.003
7639.49828,14.439,0.003
7639.51350,14.425,0.003
7639.53129,14.434,0.003
7639.55594,14.442,0.003
7639.57114,14.433,0.003
7639.58672,14.439,0.003
7639.60178,14.435,0.003
7639.61621,14.436,0.003
7639.63066,14.436,0.003
7643.49826,14.430,0.003
7643.50074,14.436,0.003
7643.54855,14.431,0.003
7643.57425,14.430,0.003
7643.60024,14.443,0.003
7643.61736,14.423,0.003
7643.63203,14.434,0.003
7644.50106,14.436,0.003
7644.51405,14.434,0.003
7644.52661,14.437,0.003
7644.53894,14.435,0.003
7644.55187,14.437,0.003
7644.56482,14.434,0.003
7644.58197,14.432,0.003
7644.60275,14.440,0.003
7644.61970,14.443,0.003
7645.47995,14.431,0.003
7645.49478,14.441,0.003
7645.50945,14.439,0.003
7645.52589,14.440,0.003
7647.48206,14.434,0.003
7647.50140,14.440,0.003
7647.51664,14.435,0.003
7647.53194,14.437,0.003
7647.54680,14.441,0.003
7647.56189,14.431,0.003
7647.57683,14.440,0.003
7647.59118,14.439,0.003
7647.61302,14.436,0.003
7648.49782,14.432,0.003
7648.51258,14.432,0.003
7648.52743,14.430,0.003
7648.54200,14.438,0.003
7648.55652,14.438,0.003
7648.57147,14.429,0.003
7648.58592,14.435,0.003
7648.60031,14.428,0.003
7648.61477,14.427,0.003
7649.48181,14.437,0.003
7649.50630,14.433,0.003
7649.52205,14.435,0.003
7649.53687,14.436,0.003
7649.55142,14.442,0.003
7649.56639,14.435,0.003
7649.58181,14.436,0.003
7649.59631,14.442,0.003
7649.61100,14.440,0.003
7650.47754,14.438,0.003
7650.55535,14.437,0.003
7650.59939,14.445,0.003
7651.55601,14.455,0.003
7651.59941,14.453,0.003
7652.54361,14.435,0.003
7652.59100,14.434,0.003
7653.54746,14.439,0.003
7653.59737,14.438,0.003
7655.48004,14.440,0.003
7655.56621,14.441,0.003
7656.52606,14.431,0.003
7656.57930,14.431,0.003
7657.57238,14.434,0.003
7659.48016,14.435,0.003
7660.48053,14.441,0.003
7660.54965,14.434,0.003
7661.48072,14.431,0.003
7661.56680,14.430,0.003
7662.52270,14.427,0.003
7662.56642,14.426,0.003
7664.53536,14.438,0.003
7665.48486,14.436,0.003
7666.52605,14.437,0.003
7667.49093,14.435,0.003
7671.51381,14.434,0.003
7672.51540,14.438,0.003
7675.52082,14.433,0.003
7679.50770,14.438,0.003
7681.51387,14.437,0.003
7684.51181,14.441,0.003
7687.51320,14.438,0.003
7689.50153,14.431,0.003
7690.49738,14.433,0.003
7691.49906,14.437,0.003
7790.87823,14.445,0.003
7791.87333,14.439,0.003
7792.86991,14.440,0.003
7793.86701,14.432,0.003
7794.87196,14.440,0.003
7795.87993,14.439,0.003
7796.86453,14.439,0.003
7797.86120,14.439,0.003
7798.85939,14.439,0.003
7799.85648,14.434,0.003
7800.84863,14.437,0.003
7800.89364,14.439,0.003
7801.87411,14.439,0.003
7802.87185,14.442,0.003
7803.85458,14.454,0.003
7807.82537,14.438,0.003
7807.87197,14.438,0.003
7808.84619,14.448,0.003
7808.88234,14.452,0.003
7809.83524,14.439,0.003
7809.88305,14.434,0.003
7810.83218,14.442,0.003
7810.87964,14.436,0.003
7811.83778,14.440,0.003
7811.88303,14.443,0.003
7812.85399,14.436,0.003
7812.89882,14.433,0.003
7813.84338,14.434,0.003
7814.85334,14.436,0.003
7814.90096,14.431,0.003
7815.86697,14.435,0.003
7816.81161,14.442,0.003
7816.85681,14.433,0.003
7817.80800,14.432,0.003
7817.85329,14.430,0.003
7817.89848,14.433,0.003
7818.83949,14.436,0.003
7818.88458,14.436,0.003
7819.81928,14.437,0.003
7819.87106,14.429,0.003
7820.82795,14.431,0.003
7820.87376,14.436,0.003
7821.81232,14.428,0.003
7821.85666,14.437,0.003
7821.90131,14.436,0.003
7822.83913,14.434,0.003
7822.88387,14.433,0.003
7823.82463,14.433,0.003
7823.86898,14.437,0.003
7824.81913,14.435,0.003
7824.86499,14.435,0.003
7825.81216,14.432,0.003
7825.85678,14.438,0.003
7825.90134,14.437,0.003
7826.81518,14.440,0.003
7826.86025,14.435,0.003
7826.90519,14.436,0.003
7827.83411,14.435,0.003
7827.87845,14.437,0.003
7828.80325,14.431,0.003
7828.84780,14.433,0.003
7828.89258,14.436,0.003
7829.82989,14.441,0.003
7830.79854,14.433,0.003
7830.83957,14.434,0.003
7830.87792,14.433,0.003
7834.78508,14.440,0.003
7834.83153,14.436,0.003
7834.87873,14.436,0.003
7835.75291,14.440,0.003
7835.82324,14.429,0.003
7835.87708,14.432,0.003
7836.75752,14.439,0.003
7836.81439,14.436,0.003
7836.86346,14.434,0.003
7836.91132,14.437,0.003
7837.78150,14.434,0.003
7837.82786,14.431,0.003
7837.87471,14.434,0.003
7838.75116,14.436,0.003
7838.79723,14.434,0.003
7838.85279,14.434,0.003
7838.90059,14.437,0.003
7839.75900,14.438,0.003
7839.81836,14.432,0.003
7839.86751,14.430,0.003
7839.91818,14.432,0.003
7840.77627,14.435,0.003
7840.83341,14.435,0.003
7840.87898,14.436,0.003
7841.75622,14.438,0.003
7841.80357,14.437,0.003
7841.84987,14.436,0.003
7841.89867,14.437,0.003
7842.75146,14.438,0.003
7842.79781,14.429,0.003
7842.84426,14.436,0.003
7842.89183,14.434,0.003
7843.76655,14.442,0.003
7843.82193,14.438,0.003
7843.86881,14.434,0.003
7843.91480,14.431,0.003
7844.76311,14.439,0.003
7844.81856,14.431,0.003
7844.86419,14.440,0.003
7844.91496,14.438,0.003
7845.75637,14.440,0.003
7845.81169,14.437,0.003
7845.85838,14.439,0.003
7845.90450,14.437,0.003
7846.75808,14.433,0.003
7846.80424,14.435,0.003
7846.84969,14.437,0.003
7846.89583,14.436,0.003
7847.73775,14.438,0.003
7847.78380,14.436,0.003
7847.83986,14.436,0.003
7847.88632,14.440,0.003
7848.72126,14.434,0.003
7848.76671,14.436,0.003
7848.81263,14.433,0.003
7848.86961,14.435,0.003
7848.91823,14.437,0.003
7849.74908,14.439,0.003
7849.79542,14.434,0.003
7849.85112,14.434,0.003
7849.89974,14.432,0.003
7850.73067,14.436,0.003
7850.77712,14.432,0.003
7850.82320,14.435,0.003
7850.88101,14.433,0.003
7851.70905,14.440,0.003
7851.76374,14.432,0.003
7851.81017,14.436,0.003
7851.85693,14.430,0.003
7851.91714,14.436,0.003
7852.83808,14.440,0.003
7852.88674,14.439,0.003
7853.86284,14.438,0.003
7853.88090,14.434,0.003
7853.91283,14.439,0.003
7854.71740,14.437,0.003
7854.76373,14.434,0.003
7854.81924,14.429,0.003
7854.86820,14.430,0.003
7854.91664,14.434,0.003
7855.76242,14.432,0.003
7855.80951,14.436,0.003
7855.85788,14.434,0.003
7855.91632,14.429,0.003
7856.74065,14.433,0.003
7856.78891,14.436,0.003
7856.83574,14.434,0.003
7856.89616,14.430,0.003
7857.83956,14.432,0.003
7857.86161,14.438,0.003
7857.90590,14.432,0.003
7858.77177,14.427,0.003
7858.78334,14.436,0.003
7858.79590,14.433,0.003
7858.80859,14.428,0.003
7858.82000,14.433,0.003
7858.83126,14.438,0.003
7858.84258,14.437,0.003
7858.85624,14.438,0.003
7858.87251,14.437,0.003
7858.88536,14.435,0.003
7858.90508,14.436,0.003
7858.91961,14.434,0.003
7862.68331,14.434,0.003
7862.73074,14.445,0.003
7862.77777,14.434,0.003
7862.82482,14.440,0.003
7862.87303,14.435,0.003
7863.73507,14.438,0.003
7863.81088,14.440,0.003
7863.88735,14.438,0.003
7864.71250,14.457,0.003
7864.78469,14.455,0.003
7864.84577,14.434,0.003
7864.89742,14.436,0.003
7865.68693,14.438,0.003
7865.73257,14.437,0.003
7865.77884,14.433,0.003
7865.84998,14.435,0.003
7865.90228,14.435,0.003
7866.69793,14.443,0.003
7866.74442,14.439,0.003
7866.80026,14.433,0.003
7866.86066,14.441,0.003
7866.90877,14.436,0.003
7867.71676,14.432,0.003
7867.76356,14.438,0.003
7867.82948,14.435,0.003
7867.87934,14.432,0.003
7867.92615,14.437,0.003
7868.78942,14.432,0.003
7868.85091,14.434,0.003
7868.91970,14.438,0.003
7869.71103,14.433,0.003
7869.75700,14.436,0.003
7869.81280,14.457,0.003
7869.87242,14.452,0.003
7869.91984,14.435,0.003
7870.73735,14.443,0.003
7870.79360,14.437,0.003
7870.85139,14.437,0.003
7870.89958,14.438,0.003
7871.70637,14.437,0.003
7871.75311,14.436,0.003
7871.81881,14.439,0.003
7871.87769,14.432,0.003
7871.92775,14.434,0.003
7872.71731,14.438,0.003
7872.76864,14.437,0.003
7872.83845,14.434,0.003
7872.90156,14.436,0.003
7873.67143,14.437,0.003
7873.71737,14.435,0.003
7873.76376,14.437,0.003
7873.81067,14.440,0.003
7873.88202,14.431,0.003
7873.92918,14.437,0.003
7874.69286,14.441,0.003
7874.74793,14.436,0.003
7874.80489,14.438,0.003
7874.85516,14.455,0.003
7874.90235,14.455,0.003
7875.75984,14.440,0.003
7875.84112,14.432,0.003
7875.89844,14.435,0.003
7875.93284,14.435,0.003
7876.68932,14.432,0.003
7876.73661,14.432,0.003
7876.79608,14.438,0.003
7876.85828,14.434,0.003
7876.90530,14.439,0.003
7877.66673,14.433,0.003
7877.71283,14.433,0.003
7877.77925,14.439,0.003
7877.82873,14.436,0.003
7877.87742,14.435,0.003
7877.88238,14.435,0.003
7878.67542,14.431,0.003
7878.77564,14.436,0.003
7878.82556,14.436,0.003
7878.88463,14.435,0.003
7878.93072,14.429,0.003
7879.69346,14.434,0.003
7879.73963,14.439,0.003
7879.78562,14.434,0.003
7879.87730,14.430,0.003
7880.69157,14.440,0.003
7880.73751,14.437,0.003
7880.78437,14.437,0.003
7880.84409,14.436,0.003
7880.89878,14.436,0.003
7881.78323,14.437,0.003
7881.83328,14.435,0.003
7881.88169,14.432,0.003
7881.93797,14.430,0.003
7882.72705,14.433,0.003
7882.78384,14.431,0.003
7882.84249,14.436,0.003
7882.88957,14.429,0.003
7883.68573,14.434,0.003
7889.90392,14.436,0.003
7890.69119,14.436,0.003
7890.75221,14.437,0.003
7890.83668,14.430,0.003
7890.88432,14.436,0.003
7893.64060,14.438,0.003
7893.68821,14.434,0.003
7893.73470,14.438,0.003
7893.80175,14.437,0.003
7893.84877,14.435,0.003
7893.89611,14.433,0.003
7893.93899,14.433,0.003
7894.62620,14.439,0.003
7894.67241,14.434,0.003
7894.72747,14.441,0.003
7894.78436,14.432,0.003
7894.83143,14.430,0.003
7894.87796,14.438,0.003
7894.92429,14.435,0.003
7895.62289,14.434,0.003
7895.77608,14.432,0.003
7897.64477,14.434,0.003
7897.68224,14.437,0.003
7897.73017,14.442,0.003
7900.90008,14.434,0.003
7900.92236,14.429,0.003
7901.60399,14.436,0.003
7901.65035,14.433,0.003
7901.70475,14.435,0.003
7901.79047,14.431,0.003
7901.83832,14.434,0.003
7902.60677,14.437,0.003
7902.65649,14.440,0.003
7902.71169,14.439,0.003
7902.77220,14.436,0.003
7902.81828,14.439,0.003
7902.91652,14.429,0.003
7903.69022,14.442,0.003
7903.77731,14.437,0.003
7903.82466,14.441,0.003
7903.88027,14.433,0.003
7903.93648,14.427,0.003
7904.62380,14.437,0.003
7904.66681,14.436,0.003
7904.72312,14.439,0.003
7904.78256,14.436,0.003
7904.83063,14.433,0.003
7904.87678,14.438,0.003
7904.93260,14.432,0.003
7905.58905,14.436,0.003
7905.63624,14.436,0.003
7905.69195,14.436,0.003
7905.74760,14.441,0.003
7905.79730,14.438,0.003
7905.84472,14.434,0.003
7905.89196,14.439,0.003
7905.94141,14.437,0.003
7906.59997,14.434,0.003
7906.64684,14.438,0.003
7906.70288,14.440,0.003
7906.76207,14.436,0.003
7906.80990,14.439,0.003
7906.85687,14.437,0.003
7906.90358,14.431,0.003
7906.94044,14.442,0.003
7907.65698,14.439,0.003
7907.69758,14.437,0.003
7907.74120,14.436,0.003
7907.81629,14.429,0.003
7908.57524,14.440,0.003
7908.61601,14.441,0.003
7908.66273,14.436,0.003
7908.71797,14.439,0.003
7908.77664,14.436,0.003
7908.82351,14.439,0.003
7908.87001,14.437,0.003
7908.91880,14.435,0.003
7908.94103,14.438,0.003
7909.59445,14.441,0.003
7909.64266,14.436,0.003
7909.69938,14.436,0.003
7909.74789,14.434,0.003
7909.79491,14.434,0.003
7909.83984,14.444,0.003
7909.88412,14.438,0.003
7909.92348,14.438,0.003
7910.56361,14.439,0.003
7910.59641,14.442,0.003
7910.64251,14.437,0.003
7910.69908,14.435,0.003
7910.75924,14.436,0.003
7910.80594,14.434,0.003
7910.86035,14.433,0.003
7910.90833,14.432,0.003
7911.57448,14.445,0.003
7911.60954,14.438,0.003
7911.65638,14.435,0.003
7911.70241,14.433,0.003
7911.81049,14.439,0.003
7911.90414,14.428,0.003
7916.75009,14.433,0.003
7916.83611,14.435,0.003
7917.55666,14.442,0.003
7917.60283,14.436,0.003
7917.65293,14.432,0.003
7917.70209,14.440,0.003
7917.75204,14.437,0.003
7917.79876,14.439,0.003
7917.84443,14.432,0.003
7917.89090,14.437,0.003
7918.56975,14.436,0.003
7918.64932,14.437,0.003
7918.68413,14.433,0.003
7922.61426,14.439,0.003
7922.66979,14.434,0.003
7922.72781,14.442,0.003
7923.53784,14.435,0.003
7923.58318,14.431,0.003
7923.62929,14.438,0.003
7923.70361,14.431,0.003
7923.75086,14.436,0.003
7923.79891,14.432,0.003
7923.84422,14.435,0.003
7923.89311,14.432,0.003
7924.53963,14.440,0.003
7924.58560,14.435,0.003
7924.63135,14.431,0.003
7924.68515,14.433,0.003
7924.74297,14.435,0.003
7924.78923,14.433,0.003
7924.83508,14.439,0.003
7924.88619,14.437,0.003
7925.60934,14.455,0.003
7925.65559,14.459,0.003
7925.72025,14.443,0.003
7925.77626,14.437,0.003
7925.82988,14.439,0.003
7925.88148,14.436,0.003
7926.59515,14.437,0.003
7926.65029,14.438,0.003
7926.72603,14.438,0.003
7926.77654,14.438,0.003
7926.83301,14.437,0.003
7928.59099,14.441,0.003
7928.63999,14.435,0.003
7929.58488,14.442,0.003
7932.60376,14.442,0.003
7932.66027,14.437,0.003
7932.70869,14.438,0.003
7932.76835,14.441,0.003
7932.81392,14.437,0.003
7933.58224,14.441,0.003
7933.62846,14.439,0.003
7933.67759,14.438,0.003
7933.73538,14.438,0.003
7933.79213,14.440,0.003
7933.82077,14.436,0.003
7933.83770,14.442,0.003
7933.85166,14.438,0.003
7934.53305,14.436,0.003
7934.57863,14.435,0.003
7934.62443,14.434,0.003
7934.69990,14.437,0.003
7934.73206,14.439,0.003
7934.77880,14.436,0.003
7934.82459,14.440,0.003
7934.85820,14.437,0.003
7935.51769,14.439,0.003
7935.56473,14.435,0.003
7935.63111,14.434,0.003
7935.68021,14.434,0.003
7935.72816,14.440,0.003
7935.77474,14.461,0.003
7935.82175,14.461,0.003
7935.87322,14.442,0.003
7935.88477,14.446,0.003
7936.52597,14.440,0.003
7936.57333,14.434,0.003
7936.62128,14.444,0.003
7936.68392,14.438,0.003
7936.74081,14.436,0.003
7936.79818,14.438,0.003
7936.84437,14.439,0.003
7936.87467,14.443,0.003
7937.51471,14.435,0.003
7937.56241,14.437,0.003
7937.60983,14.436,0.003
7937.65722,14.442,0.003
7937.71547,14.436,0.003
7937.77321,14.439,0.003
7937.81993,14.437,0.003
7938.53802,14.433,0.003
7938.58631,14.433,0.003
7938.63806,14.436,0.003
7944.48097,14.445,0.003
7944.52019,14.435,0.003
7944.56007,14.446,0.003
7944.59905,14.437,0.003
7944.69674,14.440,0.003
7944.74381,14.446,0.003
7944.78371,14.438,0.003
7944.82298,14.446,0.003
7945.47381,14.443,0.003
7945.49888,14.440,0.003
7945.54642,14.440,0.003
7945.59402,14.435,0.003
7945.64091,14.439,0.003
7945.68982,14.443,0.003
7945.73756,14.443,0.003
7945.78432,14.435,0.003
7945.83113,14.441,0.003
7946.48174,14.447,0.003
7946.53726,14.440,0.003
7946.58520,14.440,0.003
7946.63293,14.439,0.003
7946.69844,14.436,0.003
7946.74652,14.438,0.003
7946.79503,14.442,0.003
7946.83852,14.436,0.003
7947.53578,14.447,0.003
7947.58443,14.436,0.003
7947.63300,14.438,0.003
7947.72996,14.435,0.003
7947.77734,14.433,0.003
7947.81415,14.445,0.003
7948.49055,14.439,0.003
7948.54779,14.442,0.003
7948.60531,14.437,0.003
7948.65733,14.436,0.003
7948.70396,14.431,0.003
7948.77402,14.443,0.003
7948.82072,14.438,0.003
7949.56504,14.438,0.003
7949.61067,14.438,0.003
7949.67092,14.435,0.003
7949.72759,14.440,0.003
7952.67354,14.437,0.003
7952.72614,14.436,0.003
7952.78161,14.438,0.003
7952.82839,14.438,0.003
7953.50661,14.437,0.003
7953.56665,14.433,0.003
7953.63089,14.438,0.003
7953.68116,14.442,0.003
7953.73322,14.437,0.003
7953.78205,14.440,0.003
7954.47017,14.441,0.003
7954.52327,14.436,0.003
7954.57298,14.441,0.003
7954.64880,14.436,0.003
7954.70230,14.432,0.003
7954.76780,14.443,0.003
7955.73669,14.438,0.003
7955.78100,14.437,0.003
7956.48566,14.438,0.003
7956.54319,14.436,0.003
7956.59943,14.440,0.003
7956.66699,14.435,0.003
7956.71412,14.434,0.003
7956.76411,14.436,0.003
7957.53907,14.444,0.003
7957.67325,14.437,0.003
7957.72198,14.432,0.003
7958.56945,14.439,0.003
7958.61265,14.439,0.003
7958.64484,14.439,0.003
7958.69673,14.442,0.003
7958.74871,14.438,0.003
7958.78928,14.429,0.003
7959.48796,14.441,0.003
7959.52964,14.437,0.003
7959.57833,14.437,0.003
7959.63050,14.435,0.003
7959.67909,14.436,0.003
7959.72839,14.438,0.003
7959.77971,14.437,0.003
7959.80819,14.436,0.003
7960.51842,14.442,0.003
7960.56624,14.438,0.003
7960.63807,14.436,0.003
7960.68601,14.440,0.003
7960.73945,14.439,0.003
7960.78949,14.442,0.003
7960.81046,14.436,0.003
7961.58187,14.435,0.003
7961.62438,14.439,0.003
7961.66434,14.425,0.003
7961.72457,14.441,0.003
7962.48641,14.439,0.003
7962.52684,14.441,0.003
7962.57664,14.438,0.003
7962.78415,14.437,0.003
7964.52581,14.438,0.003
7964.55929,14.438,0.003
7964.60979,14.440,0.003
7964.65852,14.441,0.003
7964.73308,14.440,0.003
7965.62954,14.432,0.003
7965.66636,14.440,0.003
7965.69643,14.437,0.003
7966.52405,14.444,0.003
7966.55879,14.438,0.003
7966.59825,14.438,0.003
7966.64623,14.436,0.003
7966.69468,14.436,0.003
7966.74674,14.442,0.003
7967.62664,14.436,0.003
7967.70039,14.442,0.003
7971.47189,14.442,0.003
7971.51308,14.434,0.003
7971.59061,14.437,0.003
7971.62739,14.439,0.003
7971.66452,14.438,0.003
7971.70551,14.441,0.003
7972.47252,14.440,0.003
7972.52485,14.439,0.003
7972.56167,14.439,0.003
7972.60147,14.438,0.003
7972.64431,14.434,0.003
7972.69554,14.440,0.003
7972.73451,14.436,0.003
7972.75839,14.436,0.003
7973.57554,14.438,0.003
7973.63356,14.439,0.003
7973.68100,14.441,0.003
7974.47350,14.440,0.003
7974.52838,14.441,0.003
7974.57854,14.439,0.003
7974.62833,14.439,0.003
7974.67733,14.444,0.003
7974.72653,14.439,0.003
7975.49335,14.438,0.003
7975.65658,14.443,0.003
7979.52422,14.437,0.003
7979.57440,14.439,0.003
7979.62698,14.441,0.003
7980.47542,14.442,0.003
7980.54320,14.436,0.003
7980.59374,14.438,0.003
7980.64139,14.436,0.003
7981.47613,14.458,0.003
7981.55705,14.440,0.003
7981.61458,14.438,0.003
7981.66161,14.440,0.003
7982.48934,14.438,0.003
7982.55550,14.436,0.003
7982.60415,14.441,0.003
7982.65041,14.444,0.003
7983.51335,14.437,0.003
7983.56270,14.439,0.003
7983.60905,14.441,0.003
7983.65892,14.444,0.003
7984.50424,14.440,0.003
7984.55617,14.439,0.003
7984.60467,14.438,0.003
7984.65126,14.443,0.003
7985.51869,14.439,0.003
7985.57211,14.441,0.003
7985.61830,14.442,0.003
7986.50779,14.457,0.003
7986.58019,14.467,0.003
7986.63011,14.442,0.003
7987.47554,14.438,0.003
7987.54099,14.439,0.003
7987.59299,14.441,0.003
7987.64478,14.446,0.003
7990.49187,14.440,0.003
7990.55922,14.440,0.003
7990.60861,14.442,0.003
7990.65397,14.437,0.003
7991.51028,14.437,0.003
7991.56874,14.457,0.003
7991.62651,14.459,0.003
7992.47698,14.439,0.003
7992.52704,14.443,0.003
7992.57349,14.441,0.003
7992.62873,14.440,0.003
7993.49360,14.442,0.003
7993.54285,14.439,0.003
7993.58994,14.443,0.003
7993.63651,14.443,0.003
7994.50642,14.441,0.003
7994.55457,14.444,0.003
7994.60348,14.441,0.003
7994.65034,14.443,0.003
7998.58167,14.443,0.003
7998.62367,14.445,0.003
8000.49012,14.437,0.003
8000.53210,14.440,0.003
8000.57211,14.442,0.003
8000.61710,14.440,0.003
8001.49463,14.437,0.003
8001.54241,14.440,0.003
8001.58929,14.433,0.003
8002.49632,14.435,0.003
8002.54380,14.439,0.003
8002.61555,14.432,0.003
8003.54958,14.433,0.003
8004.47748,14.431,0.003
8004.54463,14.445,0.003
8004.59200,14.435,0.003
8005.54435,14.431,0.003
8007.52886,14.447,0.003
8007.59053,14.441,0.003
8008.53294,14.442,0.003
8008.58964,14.438,0.003
8010.54737,14.444,0.003
8011.51315,14.441,0.003
8011.58481,14.432,0.003
8012.52262,14.442,0.003
8012.57028,14.439,0.003
8013.50192,14.443,0.003
8013.55838,14.442,0.003
8014.49557,14.440,0.003
8014.55164,14.438,0.003
8015.47792,14.441,0.003
8015.52698,14.438,0.003
8016.47994,14.440,0.003
8016.52661,14.440,0.003
8017.48010,14.437,0.003
8017.53623,14.440,0.003
8018.48743,14.434,0.003
8018.54658,14.439,0.003
8019.50025,14.438,0.003
8019.55812,14.439,0.003
8020.52953,14.444,0.003
8021.48376,14.441,0.003
8021.55507,14.439,0.003
8026.49687,14.437,0.003
8026.53709,14.440,0.003
8029.50872,14.443,0.003
8029.53988,14.443,0.003
8030.50093,14.437,0.003
8032.56204,14.438,0.003
8035.56198,14.428,0.003
8036.53920,14.441,0.003
8037.54341,14.434,0.003
8037.56378,14.438,0.003
8039.53008,14.439,0.003
8040.51302,14.434,0.003
8040.56092,14.440,0.003
8046.49626,14.443,0.003
8048.51367,14.435,0.003
8053.52772,14.440,0.003
8055.50812,14.437,0.003
8153.88033,14.437,0.003
8155.87794,14.441,0.003
8161.86309,14.445,0.003
8161.88797,14.439,0.003
8162.87442,14.438,0.003
8163.86779,14.444,0.003
8164.86102,14.436,0.003
8165.84625,14.443,0.003
8165.88516,14.432,0.003
8166.86631,14.436,0.003
8167.83961,14.435,0.003
8167.87800,14.434,0.003
8168.84761,14.436,0.003
8168.88570,14.437,0.003
8169.84781,14.431,0.003
8169.88502,14.442,0.003
8170.84477,14.438,0.003
8170.88221,14.438,0.003
8171.84140,14.437,0.003
8171.87874,14.437,0.003
8172.83921,14.436,0.003
8172.87674,14.440,0.003
8173.83652,14.441,0.003
8173.87389,14.435,0.003
8174.83191,14.441,0.003
8174.86930,14.439,0.003
8175.81750,14.439,0.003
8175.85538,14.441,0.003
8175.89302,14.433,0.003
8176.83605,14.437,0.003
8176.87363,14.438,0.003
8181.81270,14.442,0.003
8181.85425,14.439,0.003
8181.89423,14.438,0.003
8182.86122,14.435,0.003
8182.90752,14.432,0.003
8183.83349,14.430,0.003
8183.88163,14.441,0.003
8184.82879,14.433,0.003
8184.86705,14.434,0.003
8184.90607,14.437,0.003
8185.84940,14.434,0.003
8185.88786,14.440,0.003
8189.80191,14.436,0.003
8189.85007,14.428,0.003
8189.89646,14.435,0.003
8190.83984,14.435,0.003
8190.89640,14.431,0.003
8191.81143,14.439,0.003
8191.86791,14.438,0.003
8192.78226,14.443,0.003
8192.82844,14.437,0.003
8192.88591,14.440,0.003
8193.79942,14.445,0.003
8193.84671,14.435,0.003
8193.89458,14.438,0.003
8194.79317,14.441,0.003
8194.84057,14.436,0.003
8194.89617,14.436,0.003
8195.78323,14.439,0.003
8195.82885,14.438,0.003
8195.88671,14.440,0.003
8196.78295,14.439,0.003
8196.82868,14.438,0.003
8196.88469,14.441,0.003
8197.75974,14.436,0.003
8197.79932,14.440,0.003
8197.84548,14.439,0.003
8197.90036,14.441,0.003
8198.77102,14.426,0.003
8198.81698,14.436,0.003
8198.87141,14.435,0.003
8199.75223,14.449,0.003
8199.79142,14.442,0.003
8199.83742,14.438,0.003
8200.75513,14.437,0.003
8200.79755,14.438,0.003
8200.84410,14.441,0.003
8200.89940,14.433,0.003
8201.75377,14.442,0.003
8201.80890,14.442,0.003
8201.86364,14.437,0.003
8201.90962,14.432,0.003
8202.77601,14.440,0.003
8202.82152,14.435,0.003
8202.87655,14.436,0.003
8203.74699,14.439,0.003
8203.79268,14.437,0.003
8203.83841,14.432,0.003
8203.89361,14.438,0.003
8204.75525,14.465,0.003
8204.80113,14.459,0.003
8204.84655,14.438,0.003
8204.90224,14.438,0.003
8205.75651,14.449,0.003
8205.80075,14.431,0.003
8205.86012,14.438,0.003
8205.91679,14.429,0.003
8206.76683,14.435,0.003
8206.81257,14.434,0.003
8206.85792,14.441,0.003
8206.91435,14.441,0.003
8207.76283,14.433,0.003
8207.80822,14.437,0.003
8207.85471,14.439,0.003
8207.91000,14.439,0.003
8208.75930,14.437,0.003
8208.80469,14.435,0.003
8208.85046,14.438,0.003
8208.90662,14.434,0.003
8209.75610,14.439,0.003
8209.80222,14.453,0.003
8209.84818,14.465,0.003
8209.89408,14.451,0.003
8210.72323,14.435,0.003
8210.77211,14.437,0.003
8210.81851,14.431,0.003
8210.86419,14.438,0.003
8210.91023,14.439,0.003
8211.75249,14.433,0.003
8211.79842,14.436,0.003
8211.84410,14.439,0.003
8211.89109,14.436,0.003
8212.71951,14.437,0.003
8212.76266,14.435,0.003
8212.79663,14.439,0.003
8212.83988,14.436,0.003
8212.88582,14.433,0.003
8217.77110,14.439,0.003
8217.82396,14.435,0.003
8217.87638,14.439,0.003
8220.72916,14.440,0.003
8220.75993,14.439,0.003
8220.80756,14.436,0.003
8220.87869,14.438,0.003
8220.92724,14.435,0.003
8221.76413,14.441,0.003
8221.80163,14.435,0.003
8221.85655,14.439,0.003
8221.91233,14.432,0.003
8222.72903,14.430,0.003
8222.77731,14.438,0.003
8222.85213,14.432,0.003
8222.90173,14.437,0.003
8223.79049,14.435,0.003
8223.85907,14.433,0.003
8223.91149,14.432,0.003
8224.72295,14.439,0.003
8224.76932,14.433,0.003
8224.84208,14.433,0.003
8224.89237,14.435,0.003
8225.81213,14.432,0.003
8226.79494,14.433,0.003
8226.86607,14.437,0.003
8226.91598,14.436,0.003
8227.72457,14.443,0.003
8227.78406,14.439,0.003
8227.84983,14.438,0.003
8227.89785,14.436,0.003
8228.74485,14.440,0.003
8228.79453,14.434,0.003
8228.86048,14.435,0.003
8228.91892,14.441,0.003
8229.72350,14.439,0.003
8229.78892,14.440,0.003
8229.84056,14.436,0.003
8229.88912,14.437,0.003
8230.69540,14.434,0.003
8230.74362,14.434,0.003
8230.78999,14.438,0.003
8230.86152,14.430,0.003
8230.91003,14.440,0.003
8232.82508,14.439,0.003
8232.89720,14.436,0.003
8233.72390,14.432,0.003
8233.81782,14.435,0.003
8235.73465,14.438,0.003
8236.67854,14.438,0.003
8236.72836,14.440,0.003
8236.80324,14.434,0.003
8238.70709,14.438,0.003
8238.75557,14.435,0.003
8238.81009,14.438,0.003
8238.86325,14.440,0.003
8240.81262,14.438,0.003
8244.65241,14.437,0.003
8244.70006,14.434,0.003
8244.74651,14.440,0.003
8244.80368,14.435,0.003
8244.85302,14.435,0.003
8245.71345,14.431,0.003
8245.76931,14.438,0.003
8245.81618,14.439,0.003
8245.86538,14.432,0.003
8245.93660,14.432,0.003
8246.70629,14.442,0.003
8246.75292,14.440,0.003
8246.80409,14.439,0.003
8246.85634,14.439,0.003
8246.91028,14.430,0.003
8247.64304,14.445,0.003
8247.69050,14.439,0.003
8247.73665,14.442,0.003
8247.78529,14.439,0.003
8247.85200,14.434,0.003
8247.89807,14.434,0.003
8248.70758,14.443,0.003
8248.75927,14.444,0.003
8249.65796,14.442,0.003
8249.70423,14.441,0.003
8249.75106,14.438,0.003
8249.79867,14.436,0.003
8249.86648,14.439,0.003
8249.91336,14.435,0.003
8250.65913,14.433,0.003
8250.71207,14.438,0.003
8250.75890,14.440,0.003
8250.82598,14.437,0.003
8250.87552,14.440,0.003
8250.92182,14.440,0.003
8251.63827,14.437,0.003
8251.68440,14.437,0.003
8251.73062,14.446,0.003
8251.79496,14.430,0.003
8251.84486,14.432,0.003
8251.89809,14.437,0.003
8252.85397,14.441,0.003
8252.90818,14.440,0.003
8253.63180,14.444,0.003
8253.67964,14.435,0.003
8253.72636,14.432,0.003
8253.78053,14.436,0.003
8253.85132,14.438,0.003
8254.64300,14.441,0.003
8254.70134,14.436,0.003
8254.75858,14.436,0.003
8254.83550,14.442,0.003
8254.89395,14.444,0.003
8254.93975,14.441,0.003
8255.66959,14.438,0.003
8255.71753,14.437,0.003
8255.78750,14.435,0.003
8255.85632,14.438,0.003
8255.90290,14.436,0.003
8256.61404,14.430,0.003
8256.66632,14.436,0.003
8256.71222,14.436,0.003
8256.77098,14.434,0.003
8256.82088,14.436,0.003
8256.88507,14.435,0.003
8256.93121,14.438,0.003
8257.67858,14.436,0.003
8257.72565,14.432,0.003
8257.77481,14.434,0.003
8257.82415,14.439,0.003
8257.87333,14.436,0.003
8258.64882,14.436,0.003
8258.72191,14.436,0.003
8258.77120,14.431,0.003
8258.83117,14.435,0.003
8258.89401,14.436,0.003
8259.61673,14.437,0.003
8259.70149,14.436,0.003
8259.75914,14.437,0.003
8259.81539,14.438,0.003
8259.86631,14.435,0.003
8259.92103,14.435,0.003
8260.63130,14.452,0.003
8260.81297,14.438,0.003
8260.91351,14.443,0.003
8261.65180,14.436,0.003
8261.70966,14.434,0.003
8261.76223,14.440,0.003
8261.85325,14.441,0.003
8261.90033,14.435,0.003
8262.65799,14.436,0.003
8262.70643,14.437,0.003
8262.75528,14.441,0.003
8262.82908,14.434,0.003
8262.87637,14.436,0.003
8262.91376,14.435,0.003
8263.64356,14.440,0.003
8263.69915,14.438,0.003
8263.75282,14.436,0.003
8263.81435,14.439,0.003
8263.86659,14.439,0.003
8264.63752,14.438,0.003
8264.72947,14.434,0.003
8264.78395,14.436,0.003
8264.83353,14.437,0.003
8264.88409,14.436,0.003
8265.58819,14.446,0.003
8265.64188,14.455,0.003
8265.69446,14.453,0.003
8265.74334,14.433,0.003
8265.79788,14.439,0.003
8265.87788,14.440,0.003
8266.63963,14.439,0.003
8266.71470,14.438,0.003
8266.76657,14.446,0.003
8266.92313,14.435,0.003
8271.62422,14.443,0.003
8271.81541,14.434,0.003
8271.84324,14.440,0.003
8271.88968,14.439,0.003
8272.67811,14.439,0.003
8272.73594,14.438,0.003
8272.78635,14.440,0.003
8272.83677,14.437,0.003
8272.88692,14.440,0.003
8272.93427,14.442,0.003
8273.60565,14.440,0.003
8273.65336,14.437,0.003
8273.72035,14.438,0.003
8273.77391,14.418,0.003
8273.77605,14.437,0.003
8273.82582,14.440,0.003
8273.86074,14.445,0.003
8273.90019,14.438,0.003
8274.58480,14.447,0.003
8274.63308,14.440,0.003
8274.68204,14.437,0.003
8274.73343,14.442,0.003
8274.79382,14.437,0.003
8274.84475,14.439,0.003
8274.89317,14.435,0.003
8275.57871,14.440,0.003
8275.63650,14.437,0.003
8275.68568,14.437,0.003
8275.75237,14.450,0.003
8275.80344,14.452,0.003
8275.85755,14.456,0.003
8275.90479,14.434,0.003
8276.58599,14.445,0.003
8276.63367,14.441,0.003
8276.68266,14.437,0.003
8276.74250,14.436,0.003
8276.79240,14.436,0.003
8276.84234,14.438,0.003
8277.57866,14.440,0.003
8277.63269,14.438,0.003
8277.69515,14.435,0.003
8277.74868,14.443,0.003
8277.79747,14.441,0.003
8277.84715,14.444,0.003
8277.90012,14.437,0.003
8277.93414,14.439,0.003
8278.58126,14.439,0.003
8278.62806,14.437,0.003
8278.69984,14.433,0.003
8278.84420,14.434,0.003
8282.56630,14.437,0.003
8282.61443,14.437,0.003
8282.67340,14.439,0.003
8282.73549,14.436,0.003
8282.79716,14.436,0.003
8282.84688,14.442,0.003
8282.89526,14.438,0.003
8283.54000,14.441,0.003
8283.57869,14.442,0.003
8283.62512,14.431,0.003
8283.68087,14.431,0.003
8283.74320,14.440,0.003
8283.79211,14.438,0.003
8283.84099,14.435,0.003
8283.88927,14.442,0.003
8284.53278,14.434,0.003
8284.57916,14.433,0.003
8284.62687,14.435,0.003
8284.68288,14.438,0.003
8284.74553,14.431,0.003
8284.79276,14.436,0.003
8284.84172,14.437,0.003
8284.88905,14.440,0.003
8285.72804,14.438,0.003
8285.77573,14.437,0.003
8286.53156,14.439,0.003
8286.57826,14.438,0.003
8286.62609,14.434,0.003
8286.68611,14.433,0.003
8286.74709,14.435,0.003
8286.82211,14.438,0.003
8286.86912,14.434,0.003
8286.91405,14.437,0.003
8287.56598,14.439,0.003
8287.62075,14.436,0.003
8287.67672,14.438,0.003
8287.73801,14.437,0.003
8287.80023,14.436,0.003
8287.86228,14.437,0.003
8287.90234,14.438,0.003
8288.54199,14.441,0.003
8288.58783,14.439,0.003
8288.64348,14.438,0.003
8288.71237,14.437,0.003
8288.77371,14.437,0.003
8288.83500,14.436,0.003
8288.88196,14.430,0.003
8289.53674,14.442,0.003
8289.58406,14.439,0.003
8289.64754,14.439,0.003
8289.70742,14.445,0.003
8289.76750,14.439,0.003
8289.82508,14.430,0.003
8289.87176,14.438,0.003
8290.52965,14.432,0.003
8290.58308,14.437,0.003
8290.63138,14.436,0.003
8290.70448,14.433,0.003
8290.77394,14.436,0.003
8290.82082,14.435,0.003
8290.86928,14.437,0.003
8291.57185,14.435,0.003
8291.62622,14.433,0.003
8291.69299,14.431,0.003
8291.75223,14.430,0.003
8291.80999,14.433,0.003
8291.87074,14.435,0.003
8292.54352,14.437,0.003
8292.58396,14.437,0.003
8292.63197,14.428,0.003
8292.68713,14.434,0.003
8292.75745,14.435,0.003
8292.81693,14.438,0.003
8292.88420,14.434,0.003
8293.53935,14.439,0.003
8293.59036,14.441,0.003
8293.65528,14.438,0.003
8293.71833,14.440,0.003
8293.76841,14.438,0.003
8294.57585,14.437,0.003
8294.63137,14.443,0.003
8294.76967,14.446,0.003
8294.82467,14.439,0.003
8299.50761,14.435,0.003
8299.55329,14.438,0.003
8299.66384,14.442,0.003
8301.56749,14.440,0.003
8301.63304,14.431,0.003
8301.68330,14.436,0.003
8301.73702,14.441,0.003
8301.79335,14.433,0.003
8302.55124,14.438,0.003
8302.67808,14.434,0.003
8303.62194,14.438,0.003
8304.53686,14.437,0.003
8304.58174,14.437,0.003
8304.62718,14.445,0.003
8304.68558,14.438,0.003
8304.73936,14.437,0.003
8304.80231,14.437,0.003
8305.57504,14.438,0.003
8305.64342,14.434,0.003
8305.68168,14.434,0.003
8305.74120,14.437,0.003
8305.79507,14.432,0.003
8305.84575,14.443,0.003
8306.66883,14.436,0.003
8306.69668,14.438,0.003
8306.74818,14.436,0.003
8306.78335,14.437,0.003
8306.82319,14.434,0.003
8307.48281,14.432,0.003
8307.52979,14.438,0.003
8307.58732,14.441,0.003
8307.63685,14.436,0.003
8307.69687,14.437,0.003
8307.74360,14.440,0.003
8307.80035,14.433,0.003
8307.84506,14.434,0.003
8308.50002,14.427,0.003
8308.54801,14.442,0.003
8308.59393,14.433,0.003
8308.65181,14.436,0.003
8308.70897,14.436,0.003
8308.75742,14.432,0.003
8308.80353,14.425,0.003
8309.47303,14.433,0.003
8309.52242,14.435,0.003
8309.56983,14.433,0.003
8309.62816,14.433,0.003
8309.68706,14.437,0.003
8309.73531,14.435,0.003
8309.78220,14.435,0.003
8309.82839,14.435,0.003
8310.48702,14.437,0.003
8310.53653,14.440,0.003
8310.56750,14.439,0.003
8310.60496,14.434,0.003
8310.63961,14.440,0.003
8310.67936,14.439,0.003
8310.71354,14.440,0.003
8310.76087,14.439,0.003
8310.81444,14.432,0.003
8311.48487,14.433,0.003
8311.53128,14.434,0.003
8311.58084,14.438,0.003
8311.63829,14.434,0.003
8311.69679,14.435,0.003
8311.74432,14.435,0.003
8311.79064,14.438,0.003
8311.83381,14.437,0.003
8312.50085,14.439,0.003
8312.54886,14.438,0.003
8312.59908,14.433,0.003
8312.65765,14.440,0.003
8312.72358,14.441,0.003
8312.78251,14.436,0.003
8312.82957,14.439,0.003
8313.50182,14.436,0.003
8313.54970,14.441,0.003
8313.60296,14.444,0.003
8313.64850,14.442,0.003
8313.70391,14.432,0.003
8313.75058,14.436,0.003
8313.79737,14.439,0.003
8314.46868,14.436,0.003
8314.51722,14.437,0.003
8314.56475,14.439,0.003
8314.61257,14.441,0.003
8314.67018,14.437,0.003
8314.72633,14.439,0.003
8314.77277,14.435,0.003
8314.81845,14.436,0.003
8316.50007,14.435,0.003
8316.54761,14.439,0.003
8316.59684,14.436,0.003
8316.64775,14.435,0.003
8316.70975,14.438,0.003
8316.76091,14.438,0.003
8320.50309,14.437,0.003
8320.55019,14.431,0.003
8320.60706,14.433,0.003
8320.66643,14.442,0.003
8320.71368,14.434,0.003
8320.76000,14.435,0.003
8321.49044,14.457,0.003
8321.53622,14.455,0.003
8321.77230,14.436,0.003
8328.48532,14.431,0.003
8328.53453,14.434,0.003
8328.58166,14.429,0.003
8328.63083,14.432,0.003
8328.67987,14.437,0.003
8328.72614,14.440,0.003
8328.77306,14.438,0.003
8329.50962,14.437,0.003
8329.55641,14.434,0.003
8329.60440,14.431,0.003
8329.65276,14.435,0.003
8329.69913,14.436,0.003
8329.74512,14.444,0.003
8330.47088,14.434,0.003
8330.52497,14.437,0.003
8330.58159,14.436,0.003
8331.48269,14.434,0.003
8331.53888,14.434,0.003
8331.59787,14.456,0.003
8331.64666,14.456,0.003
8331.69257,14.455,0.003
8332.49932,14.438,0.003
8332.55580,14.434,0.003
8332.61653,14.437,0.003
8332.66368,14.435,0.003
8332.75760,14.440,0.003
8333.50509,14.435,0.003
8333.56203,14.435,0.003
8333.62270,14.433,0.003
8333.67062,14.437,0.003
8334.50726,14.436,0.003
8334.56455,14.439,0.003
8334.62384,14.429,0.003
8334.67131,14.435,0.003
8335.53523,14.436,0.003
8335.59388,14.430,0.003
8335.70263,14.428,0.003
8336.48622,14.434,0.003
8336.54858,14.439,0.003
8336.61076,14.436,0.003
8336.66085,14.449,0.003
8338.46923,14.439,0.003
8338.51975,14.435,0.003
8338.57005,14.435,0.003
8338.62911,14.435,0.003
8338.73856,14.440,0.003
8339.50142,14.436,0.003
8339.56650,14.438,0.003
8339.62549,14.433,0.003
8339.74250,14.436,0.003
8340.50738,14.437,0.003
8340.61081,14.434,0.003
8340.66744,14.437,0.003
8341.49427,14.436,0.003
8341.54082,14.436,0.003
8341.59826,14.434,0.003
8341.71728,14.438,0.003
8342.48930,14.438,0.003
8342.56817,14.437,0.003
8342.61764,14.437,0.003
8343.50715,14.435,0.003
8344.47117,14.434,0.003
8344.51868,14.436,0.003
8344.58339,14.433,0.003
8344.63364,14.438,0.003
8344.72831,14.436,0.003
8345.51893,14.432,0.003
8345.56824,14.434,0.003
8345.62974,14.439,0.003
8345.71732,14.441,0.003
8346.51525,14.435,0.003
8346.58333,14.436,0.003
8346.64285,14.434,0.003
8347.47204,14.432,0.003
8347.52082,14.436,0.003
8347.58307,14.429,0.003
8347.68561,14.439,0.003
8348.47286,14.430,0.003
8348.54787,14.425,0.003
8348.60752,14.433,0.003
8349.49429,14.430,0.003
8349.54459,14.427,0.003
8349.60535,14.429,0.003
8353.54375,14.430,0.003
8353.59362,14.434,0.003
8353.65015,14.430,0.003
8355.50529,14.434,0.003
8355.55758,14.436,0.003
8355.65603,14.437,0.003
8356.47444,14.437,0.003
8356.53134,14.434,0.003
8356.65533,14.436,0.003
8356.70390,14.435,0.003
8357.51576,14.435,0.003
8357.65342,14.432,0.003
8358.48255,14.429,0.003
8358.53066,14.438,0.003
8358.62437,14.436,0.003
8358.67641,14.433,0.003
8359.48248,14.432,0.003
8359.53469,14.436,0.003
8359.60172,14.444,0.003
8359.68279,14.440,0.003
8360.53049,14.435,0.003
8360.57762,14.433,0.003
8360.62517,14.434,0.003
8360.69410,14.434,0.003
8361.64290,14.434,0.003
8363.52887,14.429,0.003
8363.63544,14.440,0.003
8363.68525,14.437,0.003
8364.52867,14.434,0.003
8364.58508,14.435,0.003
8364.65935,14.437,0.003
8366.49850,14.433,0.003
8366.55927,14.432,0.003
8366.68018,14.438,0.003
8367.52245,14.435,0.003
8367.62788,14.440,0.003
8367.67474,14.438,0.003
8368.52348,14.434,0.003
8368.60936,14.433,0.003
8368.67276,14.438,0.003
8369.51678,14.435,0.003
8369.61003,14.434,0.003
8369.65741,14.429,0.003
8370.53418,14.437,0.003
8370.63593,14.430,0.003
8371.48278,14.434,0.003
8371.55600,14.439,0.003
8371.60307,14.434,0.003
8372.50043,14.436,0.003
8372.55823,14.439,0.003
8372.65557,14.444,0.003
8373.52187,14.433,0.003
8373.62656,14.430,0.003
8375.52638,14.430,0.003
8375.58434,14.433,0.003
8375.63279,14.432,0.003
8376.49962,14.434,0.003
8376.56528,14.435,0.003
8376.61387,14.435,0.003
8377.49389,14.432,0.003
8377.53205,14.437,0.003
8377.57612,14.435,0.003
8377.61596,14.434,0.003
8381.51799,14.390,0.003
8381.56940,14.443,0.003
8382.51638,14.435,0.003
8382.56694,14.438,0.003
8382.61134,14.433,0.003
8383.48603,14.432,0.003
8383.53113,14.433,0.003
8383.57867,14.430,0.003
8383.62361,14.429,0.003
8384.52945,14.434,0.003
8384.57871,14.436,0.003
8384.61812,14.433,0.003
8385.48456,14.434,0.003
8385.55188,14.439,0.003
8385.60188,14.437,0.003
8386.48491,14.436,0.003
8387.48202,14.452,0.003
8390.48653,14.433,0.003
8392.48695,14.450,0.003
8392.55778,14.452,0.003
8392.61119,14.435,0.003
8393.51863,14.432,0.003
8393.56517,14.430,0.003
8393.60967,14.436,0.003
8394.51859,14.429,0.003
8394.58515,14.425,0.003
8397.56715,14.449,0.003
8398.54848,14.441,0.003
8399.50486,14.428,0.003
8401.51735,14.430,0.003
8401.56840,14.436,0.003
8404.55133,14.435,0.003
8409.52405,14.442,0.003
8409.56973,14.428,0.003
8410.56187,14.442,0.003
8411.56275,14.443,0.003
8412.55659,14.438,0.003
8414.51241,14.437,0.003
8414.55592,14.429,0.003
8415.52750,14.438,0.003
8416.53879,14.432,0.003
8418.53053,14.445,0.003
8419.52680,14.423,0.003
8424.51774,14.436,0.003
8521.88013,14.446,0.003
8522.87469,14.449,0.003
8523.87839,14.442,0.003
8526.86762,14.438,0.003
8530.86945,14.444,0.003
8531.88274,14.443,0.003
8532.88359,14.445,0.003
8534.85040,14.442,0.003
8534.89144,14.442,0.003
8535.87304,14.442,0.003
8536.85008,14.440,0.003
8537.84569,14.435,0.003
8538.85940,14.443,0.003
8539.84728,14.445,0.003
8539.89642,14.438,0.003
8540.86943,14.439,0.003
8544.84617,14.447,0.003
8544.85873,14.437,0.003
8546.83365,14.436,0.003
8546.87422,14.439,0.003
8547.82027,14.443,0.003
8547.88189,14.435,0.003
8548.83017,14.442,0.003
8548.87620,14.442,0.003
8549.82220,14.460,0.003
8549.86232,14.455,0.003
8550.82599,14.447,0.003
8550.87350,14.446,0.003
8550.91261,14.444,0.003
8551.87092,14.439,0.003
8552.84945,14.436,0.003
8552.88232,14.439,0.003
8553.81206,14.442,0.003
8553.85857,14.441,0.003
8554.78264,14.446,0.003
8554.82242,14.441,0.003
8554.87234,14.453,0.003
8555.78395,14.438,0.003
8555.82351,14.440,0.003
8555.87934,14.437,0.003
8556.78510,14.436,0.003
8556.83030,14.435,0.003
8556.87040,14.439,0.003
8557.78625,14.436,0.003
8557.82635,14.446,0.003
8557.87468,14.439,0.003
8558.78577,14.450,0.003
8558.81794,14.444,0.003
8558.86578,14.436,0.003
8558.90738,14.436,0.003
8559.80015,14.439,0.003
8559.84856,14.441,0.003
8559.88884,14.436,0.003
8560.77905,14.442,0.003
8560.83404,14.437,0.003
8560.87341,14.438,0.003
8560.91331,14.437,0.003
8561.81334,14.438,0.003
8561.85604,14.436,0.003
8561.89567,14.442,0.003
8562.79966,14.436,0.003
8562.84040,14.440,0.003
8562.88671,14.436,0.003
8563.77654,14.446,0.003
8563.82518,14.439,0.003
8563.86510,14.436,0.003
8563.91297,14.437,0.003
8564.79814,14.435,0.003
8564.83999,14.442,0.003
8564.88845,14.435,0.003
8565.76938,14.431,0.003
8565.83293,14.435,0.003
8565.87676,14.437,0.003
8565.91713,14.427,0.003
8566.81870,14.435,0.003
8566.85993,14.434,0.003
8566.89977,14.437,0.003
8567.79308,14.437,0.003
8567.82235,14.439,0.003
8567.86165,14.436,0.003
8567.90813,14.436,0.003
8573.87104,14.439,0.003
8573.91892,14.436,0.003
8574.75022,14.448,0.003
8574.85969,14.441,0.003
8574.90927,14.434,0.003
8575.75095,14.437,0.003
8575.79027,14.441,0.003
8575.82905,14.437,0.003
8575.87607,14.433,0.003
8575.91674,14.440,0.003
8576.79266,14.434,0.003
8576.83929,14.435,0.003
8576.87835,14.436,0.003
8576.92159,14.435,0.003
8577.79494,14.436,0.003
8577.83937,14.435,0.003
8577.90171,14.435,0.003
8578.73344,14.445,0.003
8578.77260,14.442,0.003
8578.81209,14.443,0.003
8578.87754,14.437,0.003
8578.92030,14.432,0.003
8579.73944,14.439,0.003
8579.78535,14.433,0.003
8579.82272,14.435,0.003
8579.87539,14.433,0.003
8579.92522,14.438,0.003
8580.74613,14.435,0.003
8580.79102,14.437,0.003
8580.83231,14.435,0.003
8580.88771,14.436,0.003
8581.71208,14.436,0.003
8581.75463,14.432,0.003
8581.81207,14.432,0.003
8581.86696,14.433,0.003
8582.70997,14.431,0.003
8582.74052,14.434,0.003
8582.80230,14.433,0.003
8582.85950,14.435,0.003
8582.91157,14.432,0.003
8583.72667,14.434,0.003
8583.77082,14.430,0.003
8583.83167,14.444,0.003
8583.89700,14.429,0.003
8584.72182,14.438,0.003
8584.77715,14.436,0.003
8584.83233,14.438,0.003
8584.91597,14.432,0.003
8585.73290,14.434,0.003
8585.78088,14.434,0.003
8585.82866,14.443,0.003
8585.90518,14.433,0.003
8586.70652,14.441,0.003
8586.74976,14.434,0.003
8586.80683,14.438,0.003
8586.87594,14.440,0.003
8586.92576,14.432,0.003
8587.72601,14.441,0.003
8587.77363,14.440,0.003
8587.82383,14.435,0.003
8587.91427,14.432,0.003
8588.71539,14.428,0.003
8588.76875,14.437,0.003
8588.82744,14.432,0.003
8588.89875,14.440,0.003
8589.69509,14.430,0.003
8589.74316,14.433,0.003
8589.78946,14.437,0.003
8589.84818,14.430,0.003
8589.91958,14.435,0.003
8590.71370,14.436,0.003
8590.75985,14.432,0.003
8590.81736,14.434,0.003
8590.88653,14.432,0.003
8591.69311,14.433,0.003
8591.75244,14.435,0.003
8591.80516,14.435,0.003
8591.87000,14.434,0.003
8592.73568,14.440,0.003
8592.83372,14.439,0.003
8592.87917,14.433,0.003
8593.71812,14.442,0.003
8593.77714,14.436,0.003
8593.87122,14.434,0.003
8593.92664,14.433,0.003
8594.70265,14.435,0.003
8594.75916,14.435,0.003
8594.80946,14.438,0.003
8594.86202,14.434,0.003
8594.92652,14.432,0.003
8595.71937,14.436,0.003
8595.76443,14.435,0.003
8595.92747,14.435,0.003
8599.69988,14.433,0.003
8599.74011,14.443,0.003
8599.78356,14.436,0.003
8599.82592,14.437,0.003
8599.89211,14.433,0.003
8599.92973,14.438,0.003
8600.68467,14.435,0.003
8600.72774,14.436,0.003
8600.78850,14.439,0.003
8600.85467,14.435,0.003
8600.90277,14.436,0.003
8601.66474,14.435,0.003
8601.70853,14.435,0.003
8601.76421,14.434,0.003
8601.84147,14.436,0.003
8601.91825,14.438,0.003
8602.67657,14.436,0.003
8602.71678,14.435,0.003
8602.76564,14.434,0.003
8602.82746,14.436,0.003
8602.90087,14.430,0.003
8603.65904,14.431,0.003
8603.69841,14.436,0.003
8603.75474,14.440,0.003
8603.81564,14.437,0.003
8603.87334,14.431,0.003
8603.92198,14.437,0.003
8604.70311,14.433,0.003
8604.77819,14.439,0.003
8604.82500,14.435,0.003
8604.89556,14.430,0.003
8605.65519,14.456,0.003
8605.70525,14.456,0.003
8605.75362,14.433,0.003
8605.80961,14.431,0.003
8605.88650,14.432,0.003
8605.93367,14.431,0.003
8606.69464,14.436,0.003
8606.74114,14.434,0.003
8606.80096,14.437,0.003
8606.86106,14.437,0.003
8606.90791,14.432,0.003
8607.67158,14.436,0.003
8607.71217,14.434,0.003
8607.82219,14.431,0.003
8607.87073,14.434,0.003
8607.91663,14.437,0.003
8608.66452,14.440,0.003
8608.71131,14.434,0.003
8608.76734,14.434,0.003
8608.83276,14.438,0.003
8608.88075,14.437,0.003
8608.92792,14.432,0.003
8612.74194,14.436,0.003
8612.79035,14.434,0.003
8612.85128,14.430,0.003
8612.89823,14.436,0.003
8613.63121,14.432,0.003
8613.67276,14.441,0.003
8613.71923,14.434,0.003
8613.77898,14.432,0.003
8613.84028,14.435,0.003
8613.88716,14.432,0.003
8613.93319,14.434,0.003
8614.66525,14.441,0.003
8614.70796,14.435,0.003
8614.75527,14.437,0.003
8614.82381,14.435,0.003
8614.88186,14.433,0.003
8614.92746,14.431,0.003
8615.68384,14.439,0.003
8615.75156,14.431,0.003
8615.80806,14.454,0.003
8615.87230,14.453,0.003
8615.92833,14.433,0.003
8616.65892,14.433,0.003
8616.70842,14.434,0.003
8616.76582,14.439,0.003
8616.82453,14.437,0.003
8616.87222,14.437,0.003
8616.93004,14.434,0.003
8617.66157,14.438,0.003
8617.70482,14.433,0.003
8617.75154,14.428,0.003
8617.81562,14.438,0.003
8617.90146,14.437,0.003
8618.62213,14.441,0.003
8618.66771,14.439,0.003
8618.71789,14.441,0.003
8618.77666,14.432,0.003
8618.83858,14.435,0.003
8618.88521,14.435,0.003
8619.62605,14.434,0.003
8619.66397,14.440,0.003
8619.71098,14.437,0.003
8619.75688,14.435,0.003
8619.84351,14.430,0.003
8619.90705,14.436,0.003
8620.63516,14.435,0.003
8620.67618,14.438,0.003
8620.72262,14.441,0.003
8620.78464,14.432,0.003
8620.86391,14.453,0.003
8620.90965,14.461,0.003
8621.68233,14.433,0.003
8621.78170,14.434,0.003
8621.83094,14.436,0.003
8621.87766,14.431,0.003
8621.92418,14.438,0.003
8626.62674,14.432,0.003
8626.66380,14.435,0.003
8626.70165,14.435,0.003
8626.73961,14.437,0.003
8626.78677,14.426,0.003
8626.82935,14.434,0.003
8626.86657,14.431,0.003
8626.90455,14.370,0.003
8627.59760,14.441,0.003
8627.65560,14.436,0.003
8627.70621,14.438,0.003
8627.76765,14.430,0.003
8635.65127,14.437,0.003
8635.69171,14.439,0.003
8635.75036,14.438,0.003
8635.80904,14.431,0.003
8635.85463,14.434,0.003
8635.90025,14.430,0.003
8636.56793,14.431,0.003
8636.60289,14.431,0.003
8636.65146,14.434,0.003
8636.70618,14.429,0.003
8636.76525,14.433,0.003
8636.81199,14.435,0.003
8636.85726,14.431,0.003
8636.90306,14.433,0.003
8637.57618,14.433,0.003
8637.61050,14.437,0.003
8637.65620,14.432,0.003
8637.71098,14.436,0.003
8637.77255,14.435,0.003
8637.81992,14.437,0.003
8637.86568,14.435,0.003
8637.91052,14.435,0.003
8638.63977,14.433,0.003
8638.69065,14.431,0.003
8638.80614,14.434,0.003
8638.85231,14.436,0.003
8638.89997,14.437,0.003
8639.65452,14.439,0.003
8639.69598,14.432,0.003
8639.78697,14.427,0.003
8639.91673,14.440,0.003
8640.58941,14.434,0.003
8640.63230,14.436,0.003
8640.68840,14.438,0.003
8640.75456,14.436,0.003
8640.80190,14.432,0.003
8640.84857,14.436,0.003
8640.89387,14.429,0.003
8641.58311,14.436,0.003
8641.64938,14.435,0.003
8641.71453,14.434,0.003
8642.63348,14.439,0.003
8642.80071,14.431,0.003
8642.84986,14.434,0.003
8642.89672,14.436,0.003
8643.56391,14.424,0.003
8643.61681,14.438,0.003
8643.67248,14.433,0.003
8643.72850,14.434,0.003
8643.78166,14.432,0.003
8643.82908,14.434,0.003
8643.87498,14.438,0.003
8644.54390,14.438,0.003
8644.58268,14.433,0.003
8644.62818,14.436,0.003
8644.68423,14.434,0.003
8644.74515,14.430,0.003
8644.79401,14.436,0.003
8644.84124,14.428,0.003
8644.88690,14.428,0.003
8645.63716,14.436,0.003
8645.67616,14.438,0.003
8646.60493,14.444,0.003
8646.65017,14.436,0.003
8646.69777,14.439,0.003
8646.74725,14.436,0.003
8646.78788,14.433,0.003
8646.83305,14.433,0.003
8646.88073,14.435,0.003
8647.61575,14.439,0.003
8647.65884,14.438,0.003
8647.70664,14.434,0.003
8647.76441,14.434,0.003
8647.81617,14.432,0.003
8647.84676,14.432,0.003
8648.60792,14.433,0.003
8648.64941,14.435,0.003
8648.69710,14.432,0.003
8648.75218,14.433,0.003
8648.80312,14.429,0.003
8648.84976,14.430,0.003
8648.89554,14.433,0.003
8649.60109,14.434,0.003
8649.64722,14.433,0.003
8649.70307,14.437,0.003
8655.52741,14.440,0.003
8655.64763,14.436,0.003
8655.74994,14.432,0.003
8655.83903,14.442,0.003
8656.62572,14.428,0.003
8656.67306,14.436,0.003
8656.73090,14.438,0.003
8656.79504,14.437,0.003
8656.84857,14.427,0.003
8656.87990,14.441,0.003
8657.58938,14.432,0.003
8657.63554,14.431,0.003
8657.68199,14.431,0.003
8657.73843,14.434,0.003
8657.78793,14.435,0.003
8657.83456,14.431,0.003
8657.88074,14.436,0.003
8658.55060,14.433,0.003
8658.66676,14.431,0.003
8660.53157,14.439,0.003
8660.57553,14.432,0.003
8660.64158,14.437,0.003
8660.69380,14.431,0.003
8660.74653,14.436,0.003
8660.79985,14.439,0.003
8660.84766,14.431,0.003
8661.52211,14.462,0.003
8661.58640,14.440,0.003
8661.63696,14.436,0.003
8661.70454,14.437,0.003
8662.58296,14.436,0.003
8662.63213,14.435,0.003
8662.68308,14.435,0.003
8662.81238,14.437,0.003
8664.53079,14.434,0.003
8664.59125,14.438,0.003
8664.64155,14.437,0.003
8664.69184,14.443,0.003
8664.74292,14.437,0.003
8664.79846,14.438,0.003
8665.56716,14.441,0.003
8666.49397,14.442,0.003
8666.53382,14.462,0.003
8666.57971,14.463,0.003
8666.62685,14.460,0.003
8666.67940,14.434,0.003
8666.72962,14.438,0.003
8666.80737,14.437,0.003
8667.52191,14.444,0.003
8667.56225,14.445,0.003
8667.60875,14.441,0.003
8667.65641,14.439,0.003
8667.70759,14.441,0.003
8667.75617,14.440,0.003
8667.80242,14.442,0.003
8668.48355,14.438,0.003
8668.54043,14.443,0.003
8668.58628,14.436,0.003
8668.64557,14.432,0.003
8668.70574,14.434,0.003
8668.75476,14.441,0.003
8668.80112,14.437,0.003
8668.84795,14.435,0.003
8669.49890,14.442,0.003
8669.53924,14.439,0.003
8669.58777,14.437,0.003
8669.64521,14.443,0.003
8669.70664,14.438,0.003
8669.75504,14.437,0.003
8669.80239,14.444,0.003
8669.84871,14.438,0.003
8670.49924,14.430,0.003
8670.53953,14.439,0.003
8670.58573,14.437,0.003
8670.65193,14.442,0.003
8670.70436,14.437,0.003
8670.75252,14.439,0.003
8670.79977,14.437,0.003
8671.67160,14.456,0.003
8673.58561,14.436,0.003
8673.64718,14.438,0.003
8673.69539,14.429,0.003
8673.74977,14.438,0.003
8673.83279,14.440,0.003
8674.56811,14.442,0.003
8674.60797,14.436,0.003
8674.66310,14.436,0.003
8674.71403,14.438,0.003
8674.76462,14.443,0.003
8674.80522,14.449,0.003
8674.84669,14.434,0.003
8675.61026,14.438,0.003
8675.64941,14.440,0.003
8675.68915,14.436,0.003
8675.72821,14.435,0.003
8675.76514,14.435,0.003
8675.81118,14.435,0.003
8675.84808,14.436,0.003
8676.47776,14.434,0.003
8676.51601,14.437,0.003
8676.55527,14.435,0.003
8676.60238,14.438,0.003
8676.64268,14.444,0.003
8676.69112,14.453,0.003
8676.72838,14.461,0.003
8676.76651,14.452,0.003
8676.80464,14.432,0.003
8676.84114,14.433,0.003
8677.58745,14.441,0.003
8677.61785,14.436,0.003
8677.77077,14.435,0.003
8677.81386,14.436,0.003
8681.48296,14.430,0.003
8681.52147,14.438,0.003
8681.55965,14.428,0.003
8681.59488,14.437,0.003
8681.64102,14.437,0.003
8681.68011,14.438,0.003
8681.74284,14.444,0.003
8681.79745,14.461,0.003
8682.47701,14.435,0.003
8682.51664,14.431,0.003
8682.55463,14.432,0.003
8682.59591,14.436,0.003
8682.66017,14.434,0.003
8682.71494,14.436,0.003
8682.76777,14.440,0.003
8682.80629,14.443,0.003
8683.47821,14.444,0.003
8683.52067,14.438,0.003
8683.56359,14.433,0.003
8683.60305,14.436,0.003
8683.65297,14.440,0.003
8683.69528,14.434,0.003
8683.73871,14.433,0.003
8683.77953,14.440,0.003
8683.82180,14.439,0.003
8684.48542,14.438,0.003
8684.52602,14.439,0.003
8684.56429,14.430,0.003
8684.60778,14.435,0.003
8684.65279,14.436,0.003
8684.71093,14.440,0.003
8684.75972,14.432,0.003
8684.80071,14.442,0.003
8685.48920,14.438,0.003
8685.54524,14.441,0.003
8685.61363,14.432,0.003
8685.69963,14.438,0.003
8688.54326,14.439,0.003
8688.58116,14.438,0.003
8688.63963,14.440,0.003
8688.67956,14.433,0.003
8688.76320,14.439,0.003
8689.49053,14.438,0.003
8689.52847,14.437,0.003
8689.56717,14.442,0.003
8689.61710,14.440,0.003
8689.67385,14.443,0.003
8689.72584,14.437,0.003
8689.77102,14.440,0.003
8689.80721,14.434,0.003
8690.47904,14.443,0.003
8690.51707,14.445,0.003
8690.56372,14.435,0.003
8690.61344,14.439,0.003
8690.66812,14.440,0.003
8690.71423,14.438,0.003
8690.75229,14.441,0.003
8690.79665,14.451,0.003
8691.47687,14.440,0.003
8691.51501,14.437,0.003
8691.55302,14.441,0.003
8691.59267,14.437,0.003
8691.63918,14.444,0.003
8691.68971,14.437,0.003
8691.74059,14.441,0.003
8691.77853,14.436,0.003
8692.47722,14.437,0.003
8692.51801,14.438,0.003
8692.56386,14.436,0.003
8692.67790,14.439,0.003
8692.71829,14.441,0.003
8692.76432,14.438,0.003
8693.47787,14.434,0.003
8693.51918,14.440,0.003
8693.55737,14.446,0.003
8693.65246,14.440,0.003
8693.69338,14.443,0.003
8693.75903,14.443,0.003
8694.48156,14.439,0.003
8694.52179,14.437,0.003
8694.56042,14.439,0.003
8694.60179,14.442,0.003
8694.64005,14.438,0.003
8694.68024,14.441,0.003
8694.76985,14.442,0.003
8695.48136,14.439,0.003
8695.52013,14.439,0.003
8695.56047,14.432,0.003
8695.60465,14.438,0.003
8695.66170,14.438,0.003
8695.70790,14.440,0.003
8695.75660,14.442,0.003
8697.54990,14.437,0.003
8697.59322,14.438,0.003
8697.66546,14.433,0.003
8697.72340,14.438,0.003
8698.48108,14.443,0.003
8698.51928,14.429,0.003
8698.55946,14.438,0.003
8698.61345,14.438,0.003
8698.65609,14.432,0.003
8698.69988,14.440,0.003
8698.75049,14.437,0.003
8699.48392,14.438,0.003
8699.52311,14.437,0.003
8699.57866,14.438,0.003
8699.62830,14.435,0.003
8699.67193,14.435,0.003
8699.71022,14.434,0.003
8699.75550,14.439,0.003
8700.48309,14.437,0.003
8700.52207,14.437,0.003
8700.58340,14.436,0.003
8700.62315,14.435,0.003
8700.67747,14.438,0.003
8700.72100,14.443,0.003
8700.76044,14.445,0.003
8701.48357,14.434,0.003
8701.52370,14.438,0.003
8701.58358,14.439,0.003
8701.64032,14.435,0.003
8701.67860,14.437,0.003
8701.72984,14.440,0.003
8701.76800,14.441,0.003
8702.48303,14.434,0.003
8702.52360,14.439,0.003
8702.59718,14.439,0.003
8702.63583,14.441,0.003
8702.68351,14.444,0.003
8702.73929,14.443,0.003
8703.48421,14.433,0.003
8703.52498,14.439,0.003
8704.53974,14.437,0.003
8704.58521,14.430,0.003
8704.64104,14.436,0.003
8704.70387,14.432,0.003
8708.59043,14.443,0.003
8708.61999,14.437,0.003
8709.54143,14.440,0.003
8710.48315,14.438,0.003
8710.52402,14.434,0.003
8711.48217,14.439,0.003
8711.52205,14.438,0.003
8711.54827,14.439,0.003
8711.59507,14.439,0.003
8711.63452,14.446,0.003
8711.67548,14.440,0.003
8711.71909,14.436,0.003
8712.49898,14.436,0.003
8712.53914,14.437,0.003
8712.59177,14.437,0.003
8712.61524,14.438,0.003
8712.65570,14.439,0.003
8713.48118,14.438,0.003
8713.52370,14.437,0.003
8713.56778,14.436,0.003
8713.60909,14.436,0.003
8713.64841,14.443,0.003
8713.68923,14.443,0.003
8713.72754,14.436,0.003
8714.48568,14.433,0.003
8714.52894,14.442,0.003
8714.57540,14.438,0.003
8714.62199,14.443,0.003
8715.50119,14.436,0.003
8715.54486,14.432,0.003
8715.59934,14.438,0.003
8715.64116,14.439,0.003
8715.68078,14.438,0.003
8715.72217,14.438,0.003
8715.74166,14.447,0.003
8716.49002,14.441,0.003
8716.54045,14.438,0.003
8716.59224,14.441,0.003
8716.63700,14.439,0.003
8716.68184,14.440,0.003
8716.72155,14.438,0.003
8717.48319,14.439,0.003
8717.52517,14.437,0.003
8717.56904,14.443,0.003
8717.61039,14.443,0.003
8717.66017,14.442,0.003
8717.70158,14.442,0.003
8718.49064,14.441,0.003
8718.55458,14.440,0.003
8718.59472,14.442,0.003
8718.63592,14.448,0.003
8718.70368,14.443,0.003
8719.48196,14.443,0.003
8719.52627,14.441,0.003
8719.56774,14.439,0.003
8719.61842,14.442,0.003
8719.64221,14.445,0.003
8719.68144,14.444,0.003
8721.49169,14.441,0.003
8721.53481,14.444,0.003
8721.58392,14.441,0.003
8721.63511,14.443,0.003
8721.67903,14.442,0.003
8722.48403,14.441,0.003
8722.53975,14.442,0.003
8722.58977,14.443,0.003
8722.63652,14.439,0.003
8722.68688,14.438,0.003
8722.72086,14.439,0.003
8723.48800,14.441,0.003
8723.53987,14.440,0.003
8723.59237,14.443,0.003
8723.63259,14.441,0.003
8723.67125,14.443,0.003
8723.70965,14.446,0.003
8724.48461,14.441,0.003
8724.53779,14.441,0.003
8724.59126,14.439,0.003
8724.63306,14.446,0.003
8724.67296,14.441,0.003
8725.49009,14.439,0.003
8725.54165,14.442,0.003
8725.58310,14.440,0.003
8725.62936,14.433,0.003
8725.67032,14.440,0.003
8726.48403,14.438,0.003
8726.52919,14.439,0.003
8726.57392,14.442,0.003
8726.62689,14.437,0.003
8726.66596,14.441,0.003
8727.51240,14.461,0.003
8727.56645,14.437,0.003
8727.60255,14.438,0.003
8727.64770,14.435,0.003
8727.69237,14.435,0.003
8728.49160,14.443,0.003
8728.53466,14.441,0.003
8728.58585,14.438,0.003
8728.62888,14.437,0.003
8728.66731,14.444,0.003
8729.48382,14.441,0.003
8729.53054,14.437,0.003
8729.57318,14.444,0.003
8729.61793,14.443,0.003
8729.66607,14.433,0.003
8730.48713,14.439,0.003
8730.53116,14.440,0.003
8730.57467,14.442,0.003
8730.61451,14.440,0.003
8730.65304,14.440,0.003
8731.52168,14.442,0.003
8731.59003,14.443,0.003
8736.60011,14.443,0.003
8736.64404,14.441,0.003
8737.61168,14.453,0.003
8737.65112,14.461,0.003
8738.49491,14.446,0.003
8738.54143,14.446,0.003
8738.58182,14.446,0.003
8738.62006,14.437,0.003
8739.49529,14.442,0.003
8739.61691,14.438,0.003
8740.48957,14.438,0.003
8740.53986,14.442,0.003
8740.57844,14.432,0.003
8740.61463,14.443,0.003
8741.48996,14.446,0.003
8741.53586,14.442,0.003
8741.57768,14.442,0.003
8741.63210,14.440,0.003
8742.48926,14.444,0.003
8742.53762,14.445,0.003
8742.57808,14.437,0.003
8742.63110,14.441,0.003
8745.60214,14.432,0.003
8745.61637,14.432,0.003
8746.54553,14.443,0.003
8746.55936,14.437,0.003
8746.57345,14.446,0.003
8746.62332,14.448,0.003
8747.48907,14.434,0.003
8747.50777,14.440,0.003
8747.53624,14.436,0.003
8747.57499,14.432,0.003
8747.58963,14.435,0.003
8748.49133,14.444,0.003
8748.50532,14.438,0.003
8748.57915,14.432,0.003
8748.61769,14.442,0.003
8748.63154,14.437,0.003
8750.54590,14.438,0.003
8750.55987,14.446,0.003
8750.57379,14.439,0.003
8750.61648,14.442,0.003
8750.63037,14.439,0.003
8752.49234,14.439,0.003
8752.56607,14.437,0.003
8752.57982,14.441,0.003
8752.61800,14.446,0.003
8753.50490,14.440,0.003
8753.54940,14.436,0.003
8753.59512,14.431,0.003
8753.62464,14.439,0.003
8754.49405,14.442,0.003
8754.53393,14.438,0.003
8754.57846,14.440,0.003
8754.61742,14.438,0.003
8755.49164,14.445,0.003
8755.54035,14.444,0.003
8755.58119,14.439,0.003
8755.61714,14.437,0.003
8757.49978,14.440,0.003
8757.54310,14.436,0.003
8757.56337,14.438,0.003
8757.60768,14.438,0.003
8759.52777,14.434,0.003
8759.56523,14.441,0.003
8759.57916,14.432,0.003
8763.51647,14.437,0.003
8763.53052,14.433,0.003
8763.54441,14.439,0.003
8763.59242,14.444,0.003
8764.53827,14.443,0.003
8764.58202,14.440,0.003
8766.49483,14.437,0.003
8766.54396,14.440,0.003
8766.57670,14.440,0.003
8768.50233,14.443,0.003
8768.54993,14.442,0.003
8768.56794,14.443,0.003
8773.50367,14.441,0.003
8774.52934,14.445,0.003
8774.58177,14.441,0.003
8781.50794,14.434,0.003
8781.55082,14.432,0.003
8781.56393,14.438,0.003
8782.54415,14.442,0.003
8783.50529,14.428,0.003
8783.54885,14.428,0.003
8784.52091,14.436,0.003
8785.51908,14.443,0.003
8786.51138,14.441,0.003
8787.51786,14.433,0.003
